 Dist      DAC	 Dist      DAC
    1    2035.000	    1 1992.000
    2     763.500	    2  545.500
    3     306.500	    3  257.000
    4     270.500	    4  226.250
    5     250.500	    5  198.000
    6     231.500	    6  179.500
    7     220.500	    7  173.250
    8     216.000	    8  163.750
    9     213.000	    9  165.750
   10 -761633.625	   10  181.500
   11     210.000	   11  159.250
   12     217.000	   12  162.750
   13************	   13  148.000
   14     177.500	   14  135.500
   15     162.000	   15  127.250
   16     163.500	   16  127.500
   17     181.000	   17  136.750
   18     182.000	   18  145.750
   19     162.500	   19  123.500
   20     170.500	   20  132.500
   21     157.500	   21  125.000
   22     177.000	   22  151.000
   23     164.500	   23  125.500
   24     162.500	   24  118.500
   25     168.500	   25  131.750
   26     157.000	   26  114.500
   27     156.500	   27  120.750
   28     150.500	   28  117.250
   29     165.500	   29  132.000
   30     179.500	   30  140.250
   31************	   31  153.000
   32     175.000	   32  137.750
   33     145.500	   33  118.500
   34     147.000	   34  109.000
   35     144.500	   35  116.250
   36     142.000	   36  118.000
   37************	   37  117.250
   38     158.000	   38  123.500
   39     152.500	   39  120.000
   40     159.000	   40  128.500
   41************	   41  106.250
   42     156.500	   42  121.750
   43     167.500	   43  127.250
   44     156.000	   44  115.750
   45     127.500	   45   94.000
   46     138.500	   46  103.750
   47     146.000	   47  107.000
   48     136.500	   48   98.500
   49     135.000	   49  109.250
   50     123.000	   50   98.250
   51     138.000	   51  108.250
   52     143.500	   52  108.250
   53     131.000	   53   96.250
   54     134.500	   54  101.000
   55     133.500	   55  105.000
   56     122.500	   56   93.000
   57     135.500	   57   99.250
   58 -761712.125	   58  110.500
   59     155.000	   59  122.250
   60     144.500	   60  113.750
   61************	   61  102.000
   62     127.000	   62   97.250
   63     126.500	   63   89.250
   64************	   64   96.250
   65     135.000	   65   98.000
   66     140.500	   66  110.250
   67     143.000	   67  105.750
   68     145.500	   68  104.500
   69     140.000	   69  106.500
   70     137.500	   70   97.000
   71     132.000	   71   95.750
   72     134.500	   72   99.000
   73************	   73  105.750
   74     122.000	   74   92.000
   75     116.000	   75   83.500
   76************	   76   78.500
   77     119.500	   77   94.000
   78     140.500	   78  102.250
   79************	   79   81.750
   80     132.000	   80   99.500
   81     129.500	   81   95.000
   82     130.500	   82   97.250
   83     146.000	   83  103.750
   84     135.500	   84  102.250
   85************	   85   86.750
   86     125.000	   86   97.250
   87     121.500	   87   85.250
   88     110.500	   88   80.500
   89     112.000	   89   91.250
   90     114.000	   90   91.500
   91     114.500	   91   83.000
   92     133.500	   92  104.000
   93     129.000	   93  101.500
   94     122.500	   94   98.750
   95************	   95   85.000
   96     123.500	   96   97.500
   97     130.000	   97   94.000
   98     135.500	   98   97.000
   99     127.000	   99   92.750
  100     121.500	  100   98.250
  101     129.500	  101   99.250
  102     129.500	  102   99.500
  103     122.000	  103   91.000
  104     110.500	  104   80.000
  105     116.000	  105   82.750
  106     114.500	  106   83.000
  107     130.000	  107  103.750
  108     110.000	  108   86.750
  109     117.500	  109   97.750
  110     118.500	  110   99.000
  111************	  111   81.250
  112     121.000	  112   96.500
  113     109.500	  113   88.000
  114     100.000	  114   73.000
  115     114.500	  115   89.250
  116     120.500	  116   89.250
  117     117.500	  117   90.000
  118     117.500	  118   95.250
  119     126.500	  119  100.250
  120     116.500	  120   89.500
  121     112.000	  121   87.250
  122     112.000	  122   85.750
  123************	  123   93.750
  124     107.500	  124   80.250
  125     112.500	  125   78.250
  126     118.500	  126   81.500
  127     116.000	  127   87.250
  128     122.500	  128   97.750
  129     116.000	  129   85.500
  130     122.000	  130   84.000
  131     113.500	  131   83.250
  132     126.500	  132  104.250
  133     134.500	  133  101.250
  134     131.500	  134  107.750
  135     111.000	  135   87.500
  136     103.500	  136   79.000
  137     123.000	  137   98.000
  138     140.000	  138  109.750
  139     126.500	  139   91.000
  140     132.000	  140  111.250
  141     136.000	  141  102.500
  142     140.500	  142  103.500
  143     152.000	  143  116.000
  144     137.000	  144  105.250
  145     125.000	  145  101.500
  146     131.500	  146  104.500
  147     128.500	  147  104.500
  148     131.500	  148  109.750
  149     139.500	  149  108.750
  150     141.000	  150  105.500
  151     126.000	  151   97.000
  152     119.000	  152   90.000
  153     121.500	  153   90.000
  154     118.000	  154   93.250
  155     137.000	  155  105.250
  156     135.000	  156  107.750
  157     142.500	  157  112.750
  158     147.500	  158  113.250
  159     152.000	  159  115.500
  160     131.500	  160   95.500
  161     143.000	  161  114.750
  162     151.000	  162  128.250
  163     151.000	  163  117.000
  164     159.000	  164  117.500
  165     167.000	  165  124.250
  166     153.000	  166  121.500
  167     150.000	  167  114.500
  168     154.500	  168  126.750
  169     157.000	  169  120.250
  170     163.000	  170  124.750
  171     155.000	  171  114.000
  172     177.500	  172  131.750
  173     170.500	  173  126.500
  174     159.500	  174  120.500
  175     148.000	  175  115.000
  176     144.000	  176  108.750
  177     136.500	  177  110.000
  178     135.500	  178  110.000
  179     161.000	  179  128.250
  180     166.500	  180  133.500
  181     168.000	  181  124.250
  182     165.000	  182  136.750
  183     140.500	  183  111.000
  184     147.000	  184  114.500
  185     167.000	  185  135.250
  186     160.500	  186  139.000
  187     175.500	  187  150.500
  188     165.500	  188  131.250
  189     160.500	  189  118.750
  190     188.000	  190  137.750
  191     188.500	  191  145.500
  192     181.000	  192  143.750
  193     176.500	  193  136.000
  194     181.000	  194  143.000
  195     174.000	  195  135.750
  196     192.000	  196  146.000
  197     180.000	  197  129.250
  198     173.500	  198  129.750
  199     186.500	  199  134.000
  200     202.000	  200  154.000
  201     182.500	  201  135.000
  202     165.500	  202  119.500
  203     179.000	  203  138.250
  204     180.000	  204  135.750
  205     177.000	  205  146.250
  206     173.500	  206  139.250
  207     179.000	  207  134.000
  208     175.500	  208  124.500
  209     168.000	  209  129.000
  210     151.000	  210  114.500
  211     149.500	  211  112.000
  212     147.000	  212  118.500
  213     134.500	  213  105.250
  214     139.500	  214  112.750
  215     143.000	  215  118.750
  216     158.000	  216  130.000
  217************	  217  107.250
  218     122.000	  218   88.750
  219     134.500	  219  102.250
  220     136.000	  220  104.000
  221     149.500	  221  110.500
  222     154.500	  222  110.750
  223     156.500	  223  117.500
  224     143.000	  224  114.250
  225     143.000	  225  108.250
  226     156.000	  226  122.250
  227     145.500	  227  110.000
  228     351.306	  228  108.250
  229     126.500	  229   93.500
  230     133.000	  230   98.500
  231     144.500	  231  109.000
  232     136.000	  232  100.500
  233     143.500	  233  106.250
  234     124.000	  234   86.500
  235     122.000	  235  100.250
  236     119.000	  236   95.250
  237     130.000	  237   99.000
  238     126.000	  238   97.500
  239************	  239  101.750
  240     115.500	  240   86.500
  241     110.500	  241   81.000
  242     115.000	  242   85.750
  243     119.000	  243   89.500
  244     116.500	  244   93.500
  245************	  245   81.750
  246     105.000	  246   78.750
  247     107.000	  247   86.000
  248************	  248   94.750
  249     124.500	  249   94.500
  250     126.500	  250  103.000
  251     113.500	  251   93.250
  252     131.000	  252   95.000
  253     123.500	  253   90.750
  254     126.500	  254  103.000
  255     133.000	  255  101.750
  256     131.000	  256  103.250
  257     117.000	  257   88.250
  258     125.000	  258   99.500
  259     119.500	  259   89.500
  260     120.500	  260   86.750
  261     118.000	  261   88.500
  262     115.000	  262   84.000
  263     118.500	  263   93.500
  264     113.500	  264   83.250
  265     108.993	  265   85.750
  266     105.000	  266   78.500
  267     112.500	  267   87.250
  268     104.000	  268   77.750
  269     107.500	  269   75.500
  270     109.500	  270   80.750
  271     103.000	  271   75.750
  272     104.000	  272   73.500
  273      94.500	  273   71.250
  274     114.500	  274   86.000
  275     112.500	  275   77.000
  276     114.500	  276   83.500
  277************	  277   75.000
  278      99.000	  278   75.750
  279      95.500	  279   77.250
  280      86.500	  280   64.750
  281      98.000	  281   72.500
  282     107.000	  282   82.250
  283************	  283   99.750
  284     112.000	  284   91.750
  285      99.000	  285   76.750
  286     110.500	  286   84.500
  287     104.000	  287   84.750
  288     109.000	  288   80.750
  289     111.000	  289   81.500
  290     117.500	  290   88.750
  291     117.500	  291   86.750
  292     106.500	  292   78.250
  293     110.500	  293   82.500
  294     111.000	  294   76.250
  295     116.500	  295   82.250
  296      96.000	  296   76.750
  297      85.500	  297   61.500
  298     106.500	  298   89.000
  299     103.000	  299   77.250
  300     113.500	  300   88.500
  301************	  301   87.000
  302     104.000	  302   77.750
  303     102.500	  303   79.250
  304************	  304   89.000
  305     124.500	  305   94.250
  306      98.500	  306   76.500
  307     118.000	  307   90.500
  308     128.000	  308   97.000
  309************	  309   88.250
  310     101.000	  310   80.000
  311      94.500	  311   70.000
  312     107.000	  312   79.250
  313     111.000	  313   86.500
  314     101.000	  314   78.000
  315     106.500	  315   80.500
  316     113.500	  316   91.250
  317     105.500	  317   82.500
  318     105.000	  318   87.750
  319         NaN	  319   86.750
  320     121.000	  320   98.000
  321     109.000	  321   80.500
  322     112.000	  322   86.500
  323     111.500	  323   87.500
  324     106.500	  324   84.500
  325     104.500	  325   85.250
  326     117.500	  326   96.500
  327     122.500	  327   94.500
  328     135.500	  328  105.500
  329************	  329  108.000
  330     122.000	  330   98.500
  331     119.000	  331   90.500
  332     128.500	  332   99.250
  333     125.000	  333   93.000
  334     113.000	  334   83.000
  335     110.000	  335   83.750
  336     122.500	  336   91.000
  337     135.000	  337  101.500
  338     130.500	  338  100.000
  339     115.000	  339   87.250
  340     121.000	  340   92.250
  341************	  341  102.750
  342     148.500	  342  117.000
  343     151.500	  343  116.500
  344     132.000	  344  103.500
  345     120.500	  345   95.500
  346     131.500	  346  105.500
  347     135.500	  347  114.000
  348     130.000	  348  101.500
  349     113.500	  349   85.750
  350     121.000	  350   91.750
  351     150.000	  351  110.000
  352     150.000	  352  108.500
  353     137.500	  353  101.250
  354     147.500	  354  108.750
  355     136.500	  355  102.000
  356     124.000	  356   93.750
  357     123.500	  357  100.250
  358     125.000	  358  101.250
  359     133.500	  359  101.500
  360     128.500	  360  101.250
  361     165.000	  361  134.250
  362     157.500	  362  130.000
  363     135.000	  363  106.000
  364     120.500	  364   96.250
  365     127.500	  365   98.250
  366     143.000	  366  105.500
  367     150.000	  367  116.250
  368************	  368  123.250
  369     168.000	  369  127.000
  370     170.000	  370  120.000
  371     141.500	  371  111.250
  372     156.500	  372  126.250
  373     183.500	  373  144.000
  374     163.500	  374  130.500
  375     158.000	  375  126.250
  376     153.500	  376  110.500
  377     162.500	  377  123.000
  378     167.000	  378  121.500
  379     151.500	  379  110.000
  380     136.500	  380  100.750
  381     147.000	  381  115.750
  382     142.500	  382  110.000
  383     141.500	  383  113.000
  384     160.000	  384  125.500
  385     171.500	  385  134.500
  386     163.500	  386  123.500
  387     150.000	  387  118.000
  388     152.500	  388  125.750
  389     157.000	  389  127.000
  390     168.500	  390  134.750
  391     156.500	  391  130.750
  392     159.500	  392  131.750
  393     156.500	  393  128.000
  394     152.000	  394  120.750
  395************	  395  123.500
  396     162.500	  396  139.000
  397     158.500	  397  116.000
  398     167.500	  398  127.500
  399     168.500	  399  133.500
  400     167.500	  400  126.000
  401     151.500	  401  118.000
  402     138.500	  402  109.500
  403     144.500	  403  105.750
  404     164.000	  404  128.250
  405         NaN	  405  125.000
  406     162.500	  406  119.500
  407     133.500	  407   95.250
  408     108.500	  408   80.750
  409     121.000	  409   91.250
  410     136.500	  410   98.250
  411     132.500	  411   99.500
  412     134.500	  412  104.000
  413************	  413  105.000
  414     130.500	  414   96.750
  415     170.000	  415  120.000
  416     169.000	  416  131.500
  417************	  417  106.000
  418     124.000	  418   97.000
  419     135.000	  419  104.250
  420     131.500	  420   94.250
  421     114.500	  421   85.750
  422     111.500	  422   87.750
  423     118.000	  423   84.000
  424     122.500	  424   88.500
  425     126.000	  425   95.250
  426     124.500	  426   92.250
  427     124.500	  427   95.500
  428     126.000	  428   88.500
  429     129.500	  429   97.250
  430     120.000	  430   88.000
  431     119.000	  431   91.500
  432     117.000	  432   88.000
  433************	  433   83.000
  434     119.000	  434   93.000
  435************	  435   93.000
  436     124.000	  436   92.250
  437************	  437   93.500
  438     119.000	  438   90.250
  439     123.000	  439   89.500
  440     121.500	  440   97.000
  441************	  441   95.000
  442     122.000	  442   90.250
  443     119.500	  443   87.000
  444     114.000	  444   85.000
  445     132.500	  445   99.750
  446     149.000	  446  113.500
  447     139.000	  447  105.500
  448     127.000	  448   95.750
  449     136.500	  449   99.000
  450     125.500	  450   90.500
  451     122.500	  451   86.000
  452     120.500	  452   84.750
  453     123.000	  453   84.000
  454     114.000	  454   80.250
  455     113.500	  455   83.250
  456     124.000	  456   88.500
  457************	  457   96.000
  458     128.500	  458   92.250
  459     116.500	  459   84.500
  460     118.500	  460   89.750
  461     114.000	  461   91.250
  462     112.500	  462   88.250
  463************	  463   74.000
  464     101.000	  464   80.250
  465************	  465   80.250
  466     123.000	  466   91.500
  467     115.000	  467   83.500
  468     114.500	  468   83.250
  469     116.000	  469   84.500
  470     113.500	  470   82.500
  471     107.500	  471   80.000
  472     109.000	  472   74.750
  473     136.000	  473   95.250
  474     132.000	  474   98.000
  475     130.000	  475   97.750
  476     133.500	  476  104.000
  477     129.500	  477  102.500
  478     116.500	  478   92.250
  479     119.500	  479   88.500
  480     105.500	  480   79.250
  481         NaN	  481   86.250
  482         NaN	  482   82.250
  483     111.500	  483   89.750
  484************	  484   88.000
  485************	  485   80.000
  486      98.500	  486   69.750
  487************	  487   85.500
  488     116.500	  488   96.750
  489     115.500	  489   85.500
  490     114.500	  490   81.250
  491************	  491   77.500
  492     113.000	  492   83.750
  493************	  493   78.250
  494     124.000	  494   86.500
  495     123.500	  495   87.000
  496     116.000	  496   81.000
  497     119.500	  497   93.500
  498     122.500	  498   96.250
  499      96.000	  499   67.500
  500     108.000	  500   74.250
  501     120.000	  501   92.250
  502     121.000	  502   93.250
  503     118.500	  503   84.750
  504     128.000	  504   92.750
  505     119.500	  505   92.750
  506     118.500	  506   97.000
  507     100.000	  507   78.250
  508     107.000	  508   82.500
  509     110.000	  509   85.750
  510     118.500	  510   87.250
  511     114.000	  511   82.750
  512     119.500	  512   90.500
  513     119.000	  513   91.000
  514     124.500	  514   97.000
  515     118.000	  515   88.000
  516     117.500	  516   82.750
  517     131.000	  517   96.500
  518     133.500	  518  109.500
  519     120.000	  519   90.750
  520     119.000	  520   88.500
  521     127.500	  521   99.000
  522     132.000	  522  103.750
  523     123.000	  523   88.500
  524     116.000	  524   85.000
  525     132.000	  525  107.500
  526     140.000	  526  112.750
  527     141.500	  527  114.250
  528     143.500	  528  112.750
  529     134.500	  529  103.000
  530     122.000	  530   98.750
  531     120.000	  531   95.750
  532     135.000	  532  106.750
  533     118.500	  533   89.250
  534     131.500	  534  100.000
  535     126.000	  535   94.750
  536     141.000	  536  112.500
  537     138.000	  537  101.500
  538     135.000	  538  103.500
  539     137.000	  539   97.250
  540     157.500	  540  110.000
  541     138.500	  541   99.250
  542     122.500	  542   93.750
  543     155.500	  543  129.750
  544     140.000	  544  110.500
  545************	  545  101.500
  546     150.500	  546  113.500
  547     146.000	  547  114.500
  548     128.500	  548   99.750
  549     115.500	  549   90.500
  550     117.000	  550  101.000
  551     114.500	  551   90.500
  552     122.000	  552  109.750
  553************	  553  109.500
  554     139.000	  554   98.750
  555     133.000	  555  100.250
  556************	  556   98.500
  557     147.500	  557  119.000
  558     149.500	  558  118.250
  559     141.500	  559  112.500
  560     152.000	  560  113.250
  561     149.000	  561  115.250
  562     137.500	  562  105.000
  563     139.000	  563  109.750
  564     136.000	  564  108.000
  565     153.000	  565  120.750
  566     137.000	  566  114.250
  567     152.500	  567  121.750
  568     148.500	  568  111.500
  569     149.000	  569  108.000
  570     140.000	  570  104.000
  571     138.000	  571  103.500
  572     144.500	  572  103.000
  573     152.000	  573  117.500
  574     148.500	  574  120.000
  575     162.000	  575  120.000
  576     168.000	  576  129.000
  577************	  577  111.000
  578     154.000	  578  118.500
  579     157.500	  579  123.250
  580     172.500	  580  136.500
  581     166.000	  581  125.000
  582     176.000	  582  145.000
  583     163.000	  583  128.250
  584     151.000	  584  115.000
  585     154.500	  585  125.500
  586     150.500	  586  115.500
  587     146.000	  587  116.500
  588     141.500	  588  103.750
  589     155.000	  589  116.750
  590     154.000	  590  115.750
  591     163.500	  591  125.000
  592     153.000	  592  109.500
  593************	  593  137.500
  594     146.000	  594  117.500
  595     143.500	  595  105.750
  596************	  596  110.750
  597     143.500	  597  112.250
  598     143.000	  598  114.000
  599         NaN	  599  113.000
  600     186.000	  600  135.000
  601************	  601  114.000
  602     143.000	  602  112.000
  603     137.500	  603  113.250
  604     138.000	  604   99.000
  605     142.500	  605  102.000
  606     130.500	  606   95.250
  607     126.500	  607   90.250
  60814123128.000	  608   99.500
  609************	  609   94.750
  610     128.000	  610   90.500
  611     137.500	  611   96.000
  612     139.000	  612   92.750
  613     138.000	  613   98.250
  614     129.500	  614  101.250
  615     132.500	  615  103.750
  616     135.500	  616  106.000
  617************	  617   91.750
  618     124.500	  618   95.500
  619     137.500	  619  104.500
  620     140.500	  620  106.500
  621     129.500	  621   95.250
  622     126.000	  622   95.000
  623     115.000	  623   88.000
  624     119.500	  624   93.250
  625     114.000	  625   88.250
  626     119.500	  626   92.500
  627      97.500	  627   70.000
  628     110.500	  628   89.250
  629************	  629   83.250
  630     110.000	  630   91.000
  631     109.000	  631   85.250
  632************	  632   78.000
  633     115.500	  633   82.000
  634     127.500	  634   93.750
  635     125.000	  635   94.000
  636     112.000	  636   85.750
  637     122.500	  637   87.750
  638     119.000	  638   87.750
  639     112.500	  639   86.500
  640     107.000	  640   83.000
  641************	  641   91.750
  642     117.500	  642   87.500
  643     111.000	  643   82.500
  644     134.000	  644  105.000
  645     133.500	  645   95.250
  646     121.000	  646   88.500
  647     123.500	  647   92.750
  648     123.000	  648   86.750
  649     130.500	  649   99.500
  650     130.500	  650   92.250
  651     123.500	  651   88.750
  652     119.000	  652   88.750
  653     131.000	  653   95.750
  654     112.500	  654   81.250
  655************	  655   88.500
  656     120.500	  656   91.000
  657************	  657   94.000
  658     132.000	  658   98.500
  659     127.500	  659   94.000
  660     109.000	  660   78.500
  661     100.500	  661   74.750
  662     117.000	  662   89.500
  663     125.500	  663   94.000
  664     116.500	  664   85.000
  665     101.000	  665   79.500
  666      97.500	  666   75.250
  667      97.000	  667   72.500
  668      94.000	  668   71.000
  669     109.000	  669   82.500
  670     115.000	  670   87.500
  671      89.500	  671   64.000
  672      82.000	  672   60.000
  673     103.000	  673   79.000
  674      93.500	  674   68.750
  675     101.500	  675   79.000
  676     131.000	  676   97.000
  677     141.000	  677  106.250
  678     114.000	  678   85.750
  679     114.000	  679   92.750
  680     111.000	  680   84.250
  681      90.000	  681   64.500
  682     102.500	  682   78.000
  683     107.500	  683   81.250
  684     102.000	  684   79.750
  685     101.500	  685   75.250
  686     117.500	  686   90.250
  687     121.000	  687   97.000
  688     105.500	  688   88.000
  689     112.000	  689   85.750
  690     130.500	  690  100.250
  691     134.000	  691   95.250
  692     139.500	  692  102.500
  693     128.500	  693  100.000
  694     119.500	  694   86.750
  695     101.000	  695   82.500
  696      96.000	  696   71.000
  697************	  697   78.750
  698     122.500	  698   91.500
  699************	  699   89.750
  700     126.500	  700   95.500
  701************	  701   82.000
  702     127.500	  702   96.250
  703     133.000	  703   95.500
  704   37641.504	  704   98.000
  705     139.500	  705   96.750
  706     127.000	  706   92.000
  707     119.000	  707   88.500
  708     133.500	  708  103.750
  709************	  709   96.250
  710     121.000	  710   91.250
  711************	  711   91.250
  712     127.000	  712   98.500
  713     119.500	  713  103.000
  714     106.000	  714   79.500
  715************	  715   85.500
  716     129.500	  716  107.250
  717************	  717   81.750
  718      99.000	  718   76.500
  719     123.500	  719  103.500
  720   15775.001	  720   99.000
  721     146.000	  721  114.250
  722     138.000	  722  110.500
  723     142.000	  723  114.750
  724     132.500	  724  101.500
  725     135.000	  725   93.250
  726     149.000	  726  107.500
  727     139.000	  727  105.500
  728     145.000	  728  111.500
  729     136.000	  729  100.250
  730     139.500	  730  109.750
  731************	  731   90.750
  732     137.000	  732  105.750
  733     147.000	  733  112.500
  734     151.000	  734  116.750
  735************	  735  127.500
  736     145.000	  736  111.500
  737************	  737   94.000
  738     124.500	  738  105.500
  739     124.000	  739   99.000
  740************	  740  111.250
  741     131.000	  741  106.000
  742     136.000	  742  106.000
  743     125.500	  743   95.750
  744     118.500	  744   91.250
  745     126.500	  745   92.250
  746     140.500	  746  107.750
  747     135.500	  747  105.000
  748     142.500	  748  113.250
  749     144.000	  749  116.250
  750     147.500	  750  114.250
  751     144.500	  751  112.250
  752     146.500	  752  121.250
  753     157.000	  753  117.250
  754     162.000	  754  122.000
  755     129.000	  755  105.750
  756     142.500	  756  122.500
  757************	  757  120.000
  758     150.500	  758  117.750
  759************	  759  105.250
  760     162.000	  760  124.250
  761     165.500	  761  132.000
  762     143.500	  762  111.250
  763************	  763  108.000
  764     137.500	  764  105.250
  765************	  765  119.500
  766     141.000	  766  109.500
  767     132.500	  767  108.250
  768     121.625	  768  119.000
  769     135.000	  769  104.750
  770     126.500	  770  102.250
  771     148.500	  771  121.000
  772     159.000	  772  127.500
  773     149.000	  773  117.000
  774     127.500	  774   96.500
  775     112.500	  775   87.250
  776     127.500	  776  101.250
  777     147.500	  777  107.500
  778     144.000	  778  117.500
  779     142.500	  779  119.000
  780     136.000	  780  107.500
  781     143.500	  781  114.750
  782     124.000	  782  104.000
  783     131.000	  783  100.250
  784     130.000	  784   94.250
  785     111.000	  785   82.250
  786     113.500	  786   86.500
  787     127.500	  787   92.250
  788     131.000	  788   94.750
  789************	  789   89.250
  790     122.000	  790   99.500
  791************	  791  101.250
  792     151.000	  792  118.250
  793     132.500	  793  103.750
  794     138.000	  794  100.000
  795************	  795   95.750
  796     120.500	  796   95.750
  797************	  797   96.500
  798     126.000	  798   91.750
  799     138.000	  799  107.500
  800     132.500	  800  105.500
  801     124.500	  801  102.750
  802     121.500	  802   94.750
  803     109.000	  803   79.750
  804     118.500	  804   92.750
  805     116.000	  805   88.500
  806     117.500	  806   94.750
  807     110.000	  807   85.250
  808     112.500	  808   90.250
  809     101.000	  809   75.750
  810     104.500	  810   78.750
  811     110.500	  811   81.750
  812     124.000	  812   93.000
  813     124.000	  813   89.000
  814     135.000	  814   93.750
  815     160.000	  815  123.000
  816     129.000	  816   93.250
  817     122.000	  817   83.250
  818     123.500	  818   87.750
  819     130.000	  819  102.250
  820     126.000	  820   97.000
  821     119.500	  821   95.250
  822     113.500	  822   88.250
  823     107.000	  823   81.000
  824      91.000	  824   69.250
  825     106.500	  825   89.250
  826     115.500	  826   82.000
  827     127.500	  827   97.750
  828     122.000	  828  104.750
  829     131.000	  829  104.250
  830     123.500	  830   88.750
  831     125.500	  831   94.000
  832     130.500	  832  101.250
  833     132.500	  833  100.000
  834     138.500	  834  106.000
  835************	  835  102.250
  836     122.500	  836   90.500
  837     121.000	  837   99.250
  838     111.000	  838   84.250
  839************	  839   81.000
  840     114.500	  840   85.000
  841************	  841   82.500
  842      98.500	  842   73.000
  843     102.500	  843   77.500
  844     126.500	  844   94.500
  845     126.000	  845   94.750
  846     119.000	  846   85.500
  847************	  847   83.750
  848     128.500	  848  101.000
  849     119.500	  849   93.500
  850     121.000	  850  102.500
  851************	  851   79.250
  852     100.500	  852   73.750
  853************	  853   74.750
  854     108.000	  854   83.750
  855     118.500	  855   94.500
  856     107.000	  856   86.000
  857     112.500	  857   92.000
  858     126.000	  858  102.750
  859************	  859   89.750
  860     119.000	  860   92.000
  861     112.500	  861   80.750
  862     116.000	  862   90.750
  863     102.000	  863   83.750
  864     104.000	  864   81.750
  865      98.000	  865   69.500
  866     125.000	  866   98.500
  867************	  867   93.000
  868     118.500	  868   85.250
  869     113.000	  869   80.500
  870     119.500	  870   92.500
  871     126.500	  871   92.750
  872     132.500	  872   97.750
  873************	  873   98.000
  874     107.000	  874   82.750
  875************	  875   95.250
  876     113.000	  876   88.000
  877     107.000	  877   89.000
  878     107.500	  878   83.250
  879************	  879   75.250
  880     114.000	  880   88.000
  881************	  881   83.250
  882     106.500	  882   83.750
  883     124.000	  883   95.750
  884************	  884   90.000
  885     114.500	  885   91.250
  886     107.500	  886   83.250
  887     144.500	  887   93.500
  888     124.000	  888   93.500
  889     117.000	  889   85.500
  890     124.500	  890   92.750
  891     121.500	  891   89.750
  892     126.000	  892   98.000
  893************	  893   89.000
  894     112.000	  894   79.750
  895************	  895   86.250
  896     119.000	  896   89.000
  897     121.500	  897   87.750
  898     120.500	  898   95.000
  899************	  899  100.750
  900     111.000	  900   83.500
  901     153.000	  901   95.750
  902     119.000	  902   93.250
  903     113.000	  903   85.750
  904     123.500	  904   93.500
  905************	  905   99.750
  906     124.500	  906   91.000
  907     142.500	  907  106.750
  908     146.500	  908  114.500
  909     135.000	  909  100.750
  910     122.000	  910   94.500
  911     127.000	  911  102.750
  912     130.000	  912  100.000
  913************	  913   95.000
  914     137.000	  914  101.000
  915     147.500	  915  104.250
  916     158.500	  916  121.250
  917     153.000	  917  117.750
  918     138.500	  918  100.500
  919     147.500	  919  120.000
  920     142.500	  920  111.750
  921************	  921  104.750
  922     145.000	  922  106.750
  923     131.000	  923   98.250
  924     131.500	  924  103.000
  925************	  925  101.750
  926     146.500	  926  114.750
  927     140.000	  927  120.500
  928     155.500	  928  126.500
  929************	  929  108.250
  930     137.000	  930  106.750
  931     144.000	  931  111.000
  932     150.000	  932  116.250
  933     187.500	  933  123.500
  934     156.000	  934  120.000
  935     140.000	  935  108.250
  936     144.500	  936  120.000
  937     142.500	  937  121.500
  938     140.000	  938  114.500
  939************	  939  111.500
  940     144.500	  940  109.500
  941************	  941  117.750
  942     142.500	  942  114.000
  943     158.500	  943  127.250
  944     155.000	  944  119.750
  945************	  945  112.000
  946     147.000	  946  115.750
  947************	  947  119.000
  948     165.000	  948  141.000
  949     148.500	  949  116.750
  950     147.500	  950  112.750
  951     149.000	  951  112.750
  952     158.000	  952  118.000
  953     156.000	  953  124.250
  954     141.500	  954  102.500
  955     172.500	  955  102.250
  956     142.500	  956  106.000
  957     160.500	  957  119.750
  958     143.500	  958  113.250
  959     138.500	  959  100.750
  960     135.000	  960  105.500
  961************	  961   95.500
  962     156.000	  962  123.500
  963     158.500	  963  117.000
  964     143.000	  964  114.500
  965************	  965  114.750
  966     154.000	  966  122.750
  967     157.500	  967  118.500
  968     148.500	  968  120.250
  969     126.000	  969  102.500
  970     137.500	  970  113.000
  971     143.500	  971  113.250
  972     140.000	  972  103.750
  973     142.000	  973  105.500
  974     124.500	  974   93.000
  975     134.500	  975  104.000
  976     137.000	  976  111.500
  977     146.500	  977  123.750
  978     145.000	  978  113.000
  979************	  979   88.000
  980     124.000	  980   98.750
  981     136.500	  981  109.500
  982     125.500	  982   94.000
  983     122.000	  983   91.500
  984     122.000	  984   96.500
  985     135.000	  985  100.000
  986     138.000	  986  109.250
  987     132.500	  987   95.250
  988     136.000	  988   97.500
  989************	  989  106.500
  990     154.000	  990  117.250
  991     140.000	  991  104.750
  992     136.000	  992  105.250
  993     128.500	  993   96.000
  994     141.500	  994  106.000
  995************	  995  104.000
  996     128.000	  996  104.250
  997     116.000	  997   80.250
  998     133.000	  998  100.250
  999     148.500	  999  109.000
 1000     145.000	 1000  108.000
 1001     144.000	 1001  102.250
 1002     128.000	 1002   90.500
 1003     114.500	 1003   89.500
 1004     121.500	 1004   96.250
 1005     124.500	 1005  107.000
 1006     123.500	 1006  101.750
 1007     115.500	 1007   91.250
 1008     141.500	 1008  116.250
 1009************	 1009  113.000
 1010     134.500	 1010  115.500
 1011     114.500	 1011   89.250
 1012 -878492.062	 1012   74.250
 1013     103.000	 1013   75.500
 1014     114.000	 1014   89.750
 1015     132.500	 1015  100.250
 1016     129.000	 1016   98.750
 1017     133.000	 1017   97.500
 1018     125.500	 1018  100.250
 1019     118.500	 1019   97.000
 1020     120.000	 1020   93.000
 1021     107.500	 1021   81.000
 1022     110.500	 1022   85.000
 1023     123.000	 1023   97.250
 1024     118.000	 1024   83.250
 1025     132.500	 1025   96.750
 1026     129.000	 1026   93.000
 1027     119.000	 1027   87.750
 1028     131.500	 1028   97.000
 1029     125.000	 1029   91.250
 1030     102.500	 1030   75.250
 1031     122.500	 1031   89.000
 1032     138.000	 1032   95.500
 1033     133.500	 1033  106.000
 1034     119.000	 1034   88.750
 1035     139.000	 1035  100.000
 1036     147.500	 1036  116.000
 1037     138.500	 1037  107.000
 1038     138.500	 1038  111.750
 1039     151.000	 1039  118.250
 1040     137.500	 1040  106.000
 1041     117.000	 1041   91.750
 1042      96.000	 1042   72.000
 1043     102.500	 1043   80.000
 1044     106.500	 1044   72.000
 1045************	 1045   91.250
 1046     117.500	 1046   90.500
 1047     123.000	 1047   92.250
 1048     109.000	 1048   82.000
 1049     119.000	 1049   96.500
 1050     124.000	 1050   95.000
 1051     128.500	 1051   79.000
 1052      97.500	 1052   74.500
 1053     130.000	 1053  100.250
 1054     128.000	 1054   96.500
 1055************	 1055   82.000
 1056     124.000	 1056   93.250
 1057     135.000	 1057  104.750
 1058     133.500	 1058  103.500
 1059     112.000	 1059   93.000
 1060     103.000	 1060   87.250
 1061************	 1061   80.500
 1062     127.000	 1062  100.000
 1063     117.500	 1063   89.500
 1064************	 1064   88.250
 1065************	 1065   80.000
 1066     119.500	 1066   88.250
 1067************	 1067   80.000
 1068     123.000	 1068   96.500
 1069     119.000	 1069   89.250
 1070     131.500	 1070   95.000
 1071     158.500	 1071  120.750
 1072     138.500	 1072  104.250
 1073     125.000	 1073   85.000
 1074     133.000	 1074  101.750
 1075     124.000	 1075   96.250
 1076     119.500	 1076   88.000
 1077     121.000	 1077   95.250
 1078     110.000	 1078   84.750
 1079     121.500	 1079   91.500
 1080     127.500	 1080   98.750
 1081************	 1081   94.250
 1082     118.500	 1082   89.250
 1083     121.500	 1083   90.500
 1084************	 1084   98.000
 1085     130.000	 1085  104.000
 1086     127.000	 1086   89.500
 1087     136.000	 1087  104.500
 1088     130.500	 1088   92.250
 1089     128.000	 1089   92.500
 1090     127.500	 1090  100.500
 1091************	 1091   91.000
 1092     116.000	 1092   97.750
 1093     119.000	 1093   97.500
 1094     110.000	 1094   86.000
 1095     125.500	 1095   92.500
 1096     136.500	 1096  105.000
 1097     122.500	 1097   88.250
 1098     122.500	 1098   92.250
 1099     116.500	 1099   89.250
 1100     118.000	 1100   87.500
 1101     112.000	 1101   80.250
 1102     108.000	 1102   84.750
 1103************	 1103   90.000
 1104     119.000	 1104   90.750
 1105************	 1105   98.500
 1106     134.500	 1106  105.250
 1107     119.000	 1107   82.750
 1108     138.500	 1108  109.250
 1109************	 1109  108.000
 1110     130.000	 1110  103.250
 1111     137.000	 1111  114.750
 1112   57735.504	 1112   99.000
 1113     141.000	 1113  114.750
 1114     136.500	 1114  114.250
 1115************	 1115   97.750
 1116     132.000	 1116   97.750
 1117     138.000	 1117  109.250
 1118     142.500	 1118  115.750
 1119     142.000	 1119  106.750
 1120     156.500	 1120  117.750
 1121     149.000	 1121  115.000
 1122     146.000	 1122  119.500
 1123************	 1123  112.750
 1124     123.000	 1124   99.500
 1125     124.500	 1125   92.750
 1126     136.000	 1126  102.250
 1127     115.500	 1127   91.750
 1128     143.000	 1128  115.250
 1129     132.000	 1129   94.750
 1130     133.500	 1130   92.000
 1131     155.000	 1131  107.250
 1132     140.000	 1132  105.500
 1133     126.500	 1133   91.000
 1134     121.000	 1134   91.500
 1135************	 1135  102.000
 1136     140.500	 1136  111.750
 1137     151.000	 1137  117.250
 1138     159.000	 1138  117.250
 1139************	 1139  109.750
 1140     140.500	 1140  109.000
 1141     132.500	 1141   99.750
 1142     133.500	 1142  122.500
 1143************	 1143  102.500
 1144     125.500	 1144   93.750
 1145************	 1145   98.000
 1146     128.000	 1146   97.750
 1147     152.000	 1147  117.250
 1148************	 1148  103.000
 1149************	 1149  107.750
 1150     126.000	 1150   99.750
 1151     147.000	 1151  118.250
 1152     147.500	 1152  122.500
 1153     144.000	 1153  105.750
 1154     139.500	 1154  105.750
 1155     125.000	 1155   97.750
 1156     131.500	 1156  106.750
 1157     144.000	 1157  110.750
 1158     133.500	 1158   98.250
 1159     140.500	 1159  110.750
 1160     130.500	 1160  101.000
 1161     147.000	 1161  113.250
 1162     139.500	 1162  104.250
 1163     140.500	 1163  112.500
 1164     141.500	 1164  117.250
 1165     136.500	 1165  109.500
 1166     132.000	 1166  107.750
 1167     119.000	 1167  100.500
 1168     131.500	 1168   98.250
 1169     135.500	 1169  102.000
 1170     149.500	 1170  116.250
 1171************	 1171  108.250
 1172     151.000	 1172  111.500
 1173     141.000	 1173  105.500
 1174     139.500	 1174  112.250
 1175     127.000	 1175   97.000
 1176     122.000	 1176  100.500
 1177     135.000	 1177  102.250
 1178     128.000	 1178   98.500
 1179     135.000	 1179  109.250
 1180     137.500	 1180  104.000
 1181************	 1181   97.250
 1182     131.000	 1182   99.750
 1183     123.000	 1183  100.000
 1184     121.500	 1184   90.000
 1185************	 1185  103.750
 1186     141.500	 1186  106.250
 1187     152.000	 1187  106.750
 1188     136.500	 1188   95.000
 1189     131.500	 1189   97.500
 1190     143.500	 1190  101.250
 1191     145.500	 1191  110.750
 1192     145.000	 1192  112.500
 1193     138.500	 1193   99.500
 1194     133.500	 1194  103.500
 1195     134.000	 1195  107.000
 1196     145.500	 1196  116.500
 1197     138.000	 1197  106.000
 1198     127.000	 1198   98.500
 1199************	 1199   93.250
 1200     118.000	 1200   88.000
 1201************	
 1202     114.000	
 1203     127.000	
 1204     119.000	
 1205     127.000	
 1206     109.500	
 1207     101.500	
 1208     118.000	
 1209     134.500	
 1210     130.500	
 1211************	
 1212     124.000	
 1213************	
 1214     142.500	
 1215     134.000	
 1216     127.500	
 1217     121.000	
 1218     136.000	
 1219     140.500	
 1220     109.500	
 1221     105.500	
 1222     123.500	
 1223     111.500	
 1224     120.000	
 1225     113.493	
 1226     114.000	
 1227     117.993	
 1228     126.500	
 1229     123.493	
 1230     132.000	
 1231     124.493	
 1232     110.500	
 1233     116.493	
 1234     113.500	
 1235     116.500	
 1236      98.000	
 1237     109.000	
 1238     113.500	
 1239     113.000	
 1240     117.000	
 1241     110.493	
 1242     123.500	
 1243     132.993	
 1244     135.500	
 1245     105.497	
 1246     101.500	
 1247     113.993	
 1248     115.000	
 1249     120.500	
 1250     109.500	
 1251     128.500	
 1252     126.000	
 1253     110.000	
 1254     103.500	
 1255     108.993	
 1256     100.500	
 1257     116.499	
 1258     124.000	
 1259     122.000	
 1260     114.000	
 1261     104.494	
 1262     119.000	
 1263     121.000	
 1264     121.500	
 1265     123.993	
 1266     101.000	
 1267     102.500	
 1268     117.500	
 1269     112.000	
 1270     120.500	
 1271     130.493	
 1272     133.500	
 1273     150.000	
 1274     131.500	
 1275     121.500	
 1276     117.000	
 1277     120.500	
 1278     110.500	
 1279      93.499	
 1280     122.000	
 1281     110.993	
 1282     102.500	
 1283     103.500	
 1284     111.000	
 1285     119.000	
 1286     111.000	
 1287     113.000	
 1288     124.000	
 1289     138.000	
 1290     131.500	
 1291     123.500	
 1292     120.000	
 1293     113.993	
 1294     130.500	
 1295     124.500	
 1296     118.000	
 1297     116.500	
 1298     109.500	
 1299     101.500	
 1300     102.000	
 1301     118.493	
 1302     123.000	
 1303     125.000	
 1304     120.000	
 1305     123.500	
 1306     117.000	
 1307     123.500	
 1308     137.500	
 1309     143.500	
 1310     146.000	
 1311     135.500	
 1312     136.000	
 1313     119.000	
 1314     124.000	
 1315     124.500	
 1316     123.000	
 1317************	
 1318     111.000	
 1319************	
 1320     148.500	
 1321************	
 1322     121.000	
 1323************	
 1324     125.500	
 1325************	
 1326     131.500	
 1327************	
 1328     148.000	
 1329************	
 1330     147.000	
 1331************	
 1332     142.000	
 1333************	
 1334     124.000	
 1335************	
 1336     147.000	
 1337************	
 1338     143.500	
 1339************	
 1340     145.000	
 1341************	
 1342     122.000	
 1343************	
 1344     133.000	
 1345************	
 1346     112.500	
 1347************	
 1348     123.500	
 1349************	
 1350     137.000	
 1351************	
 1352     126.500	
 1353************	
 1354     123.000	
 1355************	
 1356     126.500	
 1357************	
 1358     144.000	
 1359************	
 1360     129.500	
 1361************	
 1362     123.500	
 1363************	
 1364     115.500	
 1365************	
 1366     138.000	
 1367************	
 1368     116.500	
 1369************	
 1370     115.500	
 1371************	
 1372     142.000	
 1373************	
 1374     117.500	
 1375************	
 1376     115.000	
 1377************	
 1378     125.000	
 1379************	
 1380     140.000	
 1381************	
 1382     126.000	
 1383************	
 1384     133.500	
 1385************	
 1386     127.000	
 1387************	
 1388     128.000	
 1389************	
 1390     146.000	
 1391************	
 1392     144.500	
 1393************	
 1394     125.500	
 1395************	
 1396     141.000	
 1397************	
 1398     126.500	
 1399     122.500	
 1400     114.000	
 1401     123.000	
 1402     136.000	
 1403     144.500	
 1404     141.000	
 1405     141.000	
 1406     125.000	
 1407     114.500	
 1408     106.500	
 1409     116.500	
 1410     130.500	
 1411************	
 1412     123.500	
 1413     138.000	
 1414     143.000	
 1415     131.993	
 1416     126.000	
 1417************	
 1418     108.000	
 1419      99.000	
 1420     112.000	
 1421     128.000	
 1422     113.000	
 1423************	
 1424     132.000	
 1425     100.500	
 1426      98.500	
 1427     109.500	
 1428     113.000	
 1429     131.500	
 1430     123.500	
 1431************	
 1432     120.500	
 1433     130.500	
 1434     113.500	
 1435     134.500	
 1436     113.000	
 1437     107.500	
 1438     111.500	
 1439     117.000	
 1440     103.000	
 1441************	
 1442     112.500	
 1443     126.500	
 1444     114.000	
 1445************	
 1446     121.500	
 1447     132.000	
 1448     131.500	
 1449************	
 1450     108.000	
 1451      99.000	
 1452     111.500	
 1453     107.500	
 1454     104.000	
 1455************	
 1456      94.500	
 1457      98.000	
 1458      93.000	
 1459     101.000	
 1460      91.000	
 1461     100.000	
 1462     100.000	
 1463************	
 1464     119.500	
 1465     119.500	
 1466     110.500	
 1467     102.000	
 1468     121.500	
 1469************	
 1470     135.000	
 1471     127.500	
 1472     139.000	
 1473************	
 1474     144.500	
 1475     146.500	
 1476     137.500	
 1477     122.000	
 1478     117.500	
 1479************	
 1480     130.500	
 1481************	
 1482     140.500	
 1483     141.500	
 1484     136.500	
 1485************	
 1486     116.000	
 1487************	
 1488     121.500	
 1489************	
 1490     119.000	
 1491     113.500	
 1492************	
 1493     125.000	
 1494     118.000	
 1495     104.000	
 1496     116.000	
 1497     111.000	
 1498     111.500	
 1499     110.000	
 1500     111.000	
 1501************	
 1502     115.000	
 1503************	
 1504     121.000	
 1505************	
 1506     124.000	
 1507************	
 1508     111.000	
 1509************	
 1510     144.000	
 1511************	
 1512     136.000	
 1513************	
 1514     124.000	
 1515************	
 1516     118.500	
 1517************	
 1518     130.000	
 1519************	
 1520     138.000	
 1521************	
 1522     131.500	
 1523************	
 1524     128.000	
 1525************	
 1526     147.500	
 1527************	
 1528     141.000	
 1529************	
 1530     124.500	
 1531************	
 1532     137.000	
 1533************	
 1534     121.000	
 1535************	
 1536     112.500	
 1537************	
 1538     118.500	
 1539************	
 1540     130.000	
 1541************	
 1542     109.500	
 1543************	
 1544     112.000	
 1545************	
 1546     126.000	
 1547************	
 1548     114.000	
 1549************	
 1550     134.500	
 1551************	
 1552     107.000	
 1553************	
 1554     122.000	
 1555************	
 1556     119.500	
 1557************	
 1558     122.500	
 1559************	
 1560     126.500	
 1561************	
 1562     137.000	
 1563************	
 1564     132.500	
 1565************	
 1566     128.500	
 1567************	
 1568     144.500	
 1569************	
 1570     123.500	
 1571************	
 1572     124.000	
 1573************	
 1574     153.500	
 1575************	
 1576     125.500	
 1577************	
 1578     137.000	
 1579************	
 1580     153.500	
 1581     155.500	
 1582     136.000	
 1583     128.000	
 1584     138.000	
 1585************	
 1586     149.500	
 1587     136.000	
 1588     114.500	
 1589************	
 1590     120.000	
 1591     132.000	
 1592     132.000	
 1593     121.500	
 1594     118.500	
 1595     130.000	
 1596     121.000	
 1597     115.000	
 1598     129.000	
 1599     113.000	
 1600     117.000	
 1601     121.000	
 1602     124.000	
 1603************	
 1604     129.500	
 1605************	
 1606     126.000	
 1607     129.500	
 1608     106.000	
 1609     114.500	
 1610     125.500	
 1611     124.500	
 1612     113.000	
 1613     115.000	
 1614     121.000	
 1615     113.000	
 1616      96.500	
 1617     105.500	
 1618     117.500	
 1619     138.000	
 1620     125.000	
 1621     124.500	
 1622     108.500	
 1623     117.000	
 1624     131.500	
 1625************	
 1626     114.000	
 1627     103.500	
 1628     105.000	
 1629************	
 1630     118.000	
 1631     111.500	
 1632     112.000	
 1633     123.000	
 1634     126.500	
 1635     130.000	
 1636     122.500	
 1637     115.000	
 1638     114.500	
 1639     116.500	
 1640     113.500	
 1641     113.000	
 1642     125.000	
 1643     106.000	
 1644     114.500	
 1645     150.000	
 1646     112.000	
 1647     131.500	
 1648     134.000	
 1649     140.000	
 1650     141.500	
 1651************	
 1652     113.500	
 1653     115.500	
 1654     129.500	
 1655     123.500	
 1656     126.000	
 1657     111.000	
 1658     -91.000	
 1659************	
 1660     111.500	
 1661     103.000	
 1662     115.500	
 1663     122.000	
 1664     142.500	
 1665     135.500	
 1666     121.500	
 1667     143.000	
 1668     -42.000	
 1669************	
 1670     147.500	
 1671     143.500	
 1672     137.000	
 1673     148.000	
 1674     143.000	
 1675     126.000	
 1676     130.000	
 1677     134.000	
 1678     128.500	
 1679     124.000	
 1680     123.000	
 1681************	
 1682     127.000	
 1683     112.500	
 1684     100.500	
 1685      95.500	
 1686     109.000	
 1687     109.000	
 1688     117.000	
 1689************	
 1690     132.000	
 1691     127.500	
 1692     136.500	
 1693     134.000	
 1694     105.500	
 1695     120.000	
 1696     123.000	
 1697     113.500	
 1698     110.500	
 1699     123.500	
 1700     116.500	
 1701     114.500	
 1702     123.500	
 1703************	
 1704     108.000	
 1705     124.000	
 1706     124.500	
 1707     115.000	
 1708     110.500	
 1709     118.000	
 1710     117.000	
 1711************	
 1712     113.000	
 1713************	
 1714     108.500	
 1715     102.500	
 1716     109.000	
 1717************	
 1718     120.000	
 1719     122.500	
 1720     114.500	
 1721     118.500	
 1722     119.000	
 1723     118.000	
 1724     113.000	
 1725************	
 1726     116.500	
 1727************	
 1728     113.500	
 1729     104.000	
 1730     112.500	
 1731     113.500	
 1732     135.000	
 1733************	
 1734     140.500	
 1735     128.500	
 1736************	
 1737     118.500	
 1738     132.000	
 1739     138.500	
 1740     135.500	
 1741     127.500	
 1742     131.000	
 1743     119.500	
 1744     108.000	
 1745     104.000	
 1746     118.000	
 1747     116.500	
 1748     116.500	
 1749     125.500	
 1750     116.500	
 1751     110.000	
 1752     122.000	
 1753     115.000	
 1754     107.000	
 1755     110.500	
 1756     120.000	
 1757     126.000	
 1758     123.500	
 1759     120.000	
 1760     125.500	
 1761     139.500	
 1762     121.000	
 1763     116.500	
 1764     129.500	
 1765     117.000	
 1766     116.000	
 1767     121.500	
 1768     129.500	
 1769     126.000	
 1770     131.000	
 1771     122.500	
 1772     138.500	
 1773     133.000	
 1774     129.500	
 1775     138.500	
 1776     141.500	
 1777     127.500	
 1778     131.500	
 1779     115.500	
 1780     112.500	
 1781     138.500	
 1782     137.500	
 1783     113.500	
 1784     126.000	
 1785     130.500	
 1786     136.000	
 1787     120.500	
 1788     126.000	
 1789     132.000	
 1790     122.000	
 1791     118.500	
 1792     108.500	
 1793     119.000	
 1794     109.500	
 1795     106.500	
 1796     109.500	
 1797     122.500	
 1798     122.500	
 1799     147.500	
 1800     127.500	
 1801     111.000	
 1802     117.000	
 1803     112.500	
 1804     112.500	
 1805     116.000	
 1806     136.000	
 1807     127.000	
 1808     119.000	
 1809     130.500	
 1810     140.500	
 1811     130.500	
 1812     113.500	
 1813     114.000	
 1814     114.500	
 1815     119.500	
 1816     121.000	
 1817     108.000	
 1818     112.000	
 1819     105.000	
 1820     109.000	
 1821     100.500	
 1822     109.500	
 1823     105.000	
 1824     110.500	
 1825     103.500	
 1826     114.500	
 1827     113.000	
 1828     120.500	
 1829     127.000	
 1830     138.500	
 1831     131.500	
 1832     124.000	
 1833     120.500	
 1834     113.500	
 1835     117.000	
 1836     120.500	
 1837     121.500	
 1838     107.500	
 1839     126.000	
 1840     125.000	
 1841     104.000	
 1842     103.000	
 1843     113.000	
 1844     110.000	
 1845     107.500	
 1846     123.500	
 1847     117.500	
 1848     120.000	
 1849     128.000	
 1850     113.500	
 1851     119.000	
 1852     119.000	
 1853     124.500	
 1854     120.000	
 1855     130.000	
 1856     131.000	
 1857     127.500	
 1858     113.000	
 1859     125.000	
 1860     127.000	
 1861     121.000	
 1862     123.500	
 1863     114.500	
 1864     121.500	
 1865     136.000	
 1866     155.500	
 1867     126.000	
 1868     116.000	
 1869     138.500	
 1870     130.000	
 1871     119.500	
 1872     123.000	
 1873     136.500	
 1874     123.500	
 1875     126.500	
 1876     142.500	
 1877     129.500	
 1878     129.500	
 1879     112.500	
 1880     113.000	
 1881     125.500	
 1882     117.000	
 1883     120.000	
 1884     117.500	
 1885     114.000	
 1886     113.000	
 1887     102.500	
 1888     108.500	
 1889     124.000	
 1890     121.500	
 1891     130.000	
 1892     134.500	
 1893     105.000	
 1894     114.000	
 1895     112.000	
 1896     106.000	
 1897     103.000	
 1898     112.500	
 1899     116.500	
 1900     116.500	
 1901     125.500	
 1902     140.500	
 1903     109.000	
 1904     113.000	
 1905     110.500	
 1906     112.000	
 1907     125.000	
 1908     126.000	
 1909     124.000	
 1910     122.500	
 1911     144.500	
 1912     127.500	
 1913     103.000	
 1914     114.500	
 1915     116.500	
 1916     120.500	
 1917     111.000	
 1918     120.000	
 1919     131.000	
 1920     137.000	
 1921     137.500	
 1922     123.000	
 1923     110.500	
 1924     117.000	
 1925     108.000	
 1926     103.000	
 1927     110.000	
 1928     106.500	
 1929     125.500	
 1930     129.000	
 1931     143.500	
 1932     143.500	
 1933     118.500	
 1934     100.500	
 1935      89.000	
 1936     100.500	
 1937     104.000	
 1938     105.500	
 1939     118.000	
 1940     123.500	
 1941     120.500	
 1942     114.500	
 1943      97.500	
 1944     100.000	
 1945     109.500	
 1946      96.500	
 1947     102.000	
 1948      97.500	
 1949     104.500	
 1950     109.000	
 1951     118.500	
 1952     122.000	
 1953     125.500	
 1954     110.500	
 1955     113.500	
 1956     107.500	
 1957     110.000	
 1958     105.500	
 1959     128.000	
 1960     123.500	
 1961     118.000	
 1962     121.000	
 1963     124.500	
 1964     122.500	
 1965************	
 1966     132.000	
 1967     121.000	
 1968     109.500	
 1969************	
 1970     130.000	
 1971************	
 1972     123.500	
 1973************	
 1974     128.500	
 1975     140.500	
 1976      84.750	
 1977     107.500	
 1978     113.000	
 1979     115.000	
 1980     112.000	
 1981     121.000	
 1982     123.000	
 1983     136.500	
 1984     121.000	
 1985     126.500	
 1986     114.000	
 1987     114.000	
 1988     108.000	
 1989     106.500	
 1990     112.000	
 1991     100.500	
 1992     102.500	
 1993      97.000	
 1994      91.500	
 1995     101.000	
 1996     109.500	
 1997     106.500	
 1998     108.000	
 1999     117.500	
 2000     105.500	
