 Dist      DAC	Dist	DAC
    1 1992.000	1	545.5
    2  545.500	2	257
    3  257.000	3	226.25
    4  226.250	4	198
    5  198.000	5	179.5
    6  179.500	6	173.25
    7  173.250	7	163.75
    8  163.750	8	165.75
    9  165.750	9	181.5
   10  181.500	10	159.25
   11  159.250	11	162.75
   12  162.750	12	148
   13  148.000	13	135.5
   14  135.500	14	127.25
   15  127.250	15	127.5
   16  127.500	16	136.75
   17  136.750	17	145.75
   18  145.750	18	123.5
   19  123.500	19	132.5
   20  132.500	20	125
   21  125.000	21	151
   22  151.000	22	125.5
   23  125.500	23	118.5
   24  118.500	24	131.75
   25  131.750	25	114.5
   26  114.500	26	120.75
   27  120.750	27	117.25
   28  117.250	28	132
   29  132.000	29	140.25
   30  140.250	30	153
   31  153.000	31	137.75
   32  137.750	32	118.5
   33  118.500	33	109
   34  109.000	34	116.25
   35  116.250	35	118
   36  118.000	36	117.25
   37  117.250	37	123.5
   38  123.500	38	120
   39  120.000	39	128.5
   40  128.500	40	106.25
   41  106.250	41	121.75
   42  121.750	42	127.25
   43  127.250	43	115.75
   44  115.750	44	94
   45   94.000	45	103.75
   46  103.750	46	107
   47  107.000	47	98.5
   48   98.500	48	109.25
   49  109.250	49	98.25
   50   98.250	50	108.25
   51  108.250	51	108.25
   52  108.250	52	96.25
   53   96.250	53	101
   54  101.000	54	105
   55  105.000	55	93
   56   93.000	56	99.25
   57   99.250	57	110.5
   58  110.500	58	122.25
   59  122.250	59	113.75
   60  113.750	60	102
   61  102.000	61	97.25
   62   97.250	62	89.25
   63   89.250	63	96.25
   64   96.250	64	98
   65   98.000	65	110.25
   66  110.250	66	105.75
   67  105.750	67	104.5
   68  104.500	68	106.5
   69  106.500	69	97
   70   97.000	70	95.75
   71   95.750	71	99
   72   99.000	72	105.75
   73  105.750	73	92
   74   92.000	74	83.5
   75   83.500	75	78.5
   76   78.500	76	94
   77   94.000	77	102.25
   78  102.250	78	81.75
   79   81.750	79	99.5
   80   99.500	80	95
   81   95.000	81	97.25
   82   97.250	82	103.75
   83  103.750	83	102.25
   84  102.250	84	86.75
   85   86.750	85	97.25
   86   97.250	86	85.25
   87   85.250	87	80.5
   88   80.500	88	91.25
   89   91.250	89	91.5
   90   91.500	90	83
   91   83.000	91	104
   92  104.000	92	101.5
   93  101.500	93	98.75
   94   98.750	94	85
   95   85.000	95	97.5
   96   97.500	96	94
   97   94.000	97	97
   98   97.000	98	92.75
   99   92.750	99	98.25
  100   98.250	100	99.25
  101   99.250	101	99.5
  102   99.500	102	91
  103   91.000	103	80
  104   80.000	104	82.75
  105   82.750	105	83
  106   83.000	106	103.75
  107  103.750	107	86.75
  108   86.750	108	97.75
  109   97.750	109	99
  110   99.000	110	81.25
  111   81.250	111	96.5
  112   96.500	112	88
  113   88.000	113	73
  114   73.000	114	89.25
  115   89.250	115	89.25
  116   89.250	116	90
  117   90.000	117	95.25
  118   95.250	118	100.25
  119  100.250	119	89.5
  120   89.500	120	87.25
  121   87.250	121	85.75
  122   85.750	122	93.75
  123   93.750	123	80.25
  124   80.250	124	78.25
  125   78.250	125	81.5
  126   81.500	126	87.25
  127   87.250	127	97.75
  128   97.750	128	85.5
  129   85.500	129	84
  130   84.000	130	83.25
  131   83.250	131	104.25
  132  104.250	132	101.25
  133  101.250	133	107.75
  134  107.750	134	87.5
  135   87.500	135	79
  136   79.000	136	98
  137   98.000	137	109.75
  138  109.750	138	91
  139   91.000	139	111.25
  140  111.250	140	102.5
  141  102.500	141	103.5
  142  103.500	142	116
  143  116.000	143	105.25
  144  105.250	144	101.5
  145  101.500	145	104.5
  146  104.500	146	104.5
  147  104.500	147	109.75
  148  109.750	148	108.75
  149  108.750	149	105.5
  150  105.500	150	97
  151   97.000	151	90
  152   90.000	152	90
  153   90.000	153	93.25
  154   93.250	154	105.25
  155  105.250	155	107.75
  156  107.750	156	112.75
  157  112.750	157	113.25
  158  113.250	158	115.5
  159  115.500	159	95.5
  160   95.500	160	114.75
  161  114.750	161	128.25
  162  128.250	162	117
  163  117.000	163	117.5
  164  117.500	164	124.25
  165  124.250	165	121.5
  166  121.500	166	114.5
  167  114.500	167	126.75
  168  126.750	168	120.25
  169  120.250	169	124.75
  170  124.750	170	114
  171  114.000	171	131.75
  172  131.750	172	126.5
  173  126.500	173	120.5
  174  120.500	174	115
  175  115.000	175	108.75
  176  108.750	176	110
  177  110.000	177	110
  178  110.000	178	128.25
  179  128.250	179	133.5
  180  133.500	180	124.25
  181  124.250	181	136.75
  182  136.750	182	111
  183  111.000	183	114.5
  184  114.500	184	135.25
  185  135.250	185	139
  186  139.000	186	150.5
  187  150.500	187	131.25
  188  131.250	188	118.75
  189  118.750	189	137.75
  190  137.750	190	145.5
  191  145.500	191	143.75
  192  143.750	192	136
  193  136.000	193	143
  194  143.000	194	135.75
  195  135.750	195	146
  196  146.000	196	129.25
  197  129.250	197	129.75
  198  129.750	198	134
  199  134.000	199	154
  200  154.000	200	135
  201  135.000	201	119.5
  202  119.500	202	138.25
  203  138.250	203	135.75
  204  135.750	204	146.25
  205  146.250	205	139.25
  206  139.250	206	134
  207  134.000	207	124.5
  208  124.500	208	129
  209  129.000	209	114.5
  210  114.500	210	112
  211  112.000	211	118.5
  212  118.500	212	105.25
  213  105.250	213	112.75
  214  112.750	214	118.75
  215  118.750	215	130
  216  130.000	216	107.25
  217  107.250	217	88.75
  218   88.750	218	102.25
  219  102.250	219	104
  220  104.000	220	110.5
  221  110.500	221	110.75
  222  110.750	222	117.5
  223  117.500	223	114.25
  224  114.250	224	108.25
  225  108.250	225	122.25
  226  122.250	226	110
  227  110.000	227	108.25
  228  108.250	228	93.5
  229   93.500	229	98.5
  230   98.500	230	109
  231  109.000	231	100.5
  232  100.500	232	106.25
  233  106.250	233	86.5
  234   86.500	234	100.25
  235  100.250	235	95.25
  236   95.250	236	99
  237   99.000	237	97.5
  238   97.500	238	101.75
  239  101.750	239	86.5
  240   86.500	240	81
  241   81.000	241	85.75
  242   85.750	242	89.5
  243   89.500	243	93.5
  244   93.500	244	81.75
  245   81.750	245	78.75
  246   78.750	246	86
  247   86.000	247	94.75
  248   94.750	248	94.5
  249   94.500	249	103
  250  103.000	250	93.25
  251   93.250	251	95
  252   95.000	252	90.75
  253   90.750	253	103
  254  103.000	254	101.75
  255  101.750	255	103.25
  256  103.250	256	88.25
  257   88.250	257	99.5
  258   99.500	258	89.5
  259   89.500	259	86.75
  260   86.750	260	88.5
  261   88.500	261	84
  262   84.000	262	93.5
  263   93.500	263	83.25
  264   83.250	264	85.75
  265   85.750	265	78.5
  266   78.500	266	87.25
  267   87.250	267	77.75
  268   77.750	268	75.5
  269   75.500	269	80.75
  270   80.750	270	75.75
  271   75.750	271	73.5
  272   73.500	272	71.25
  273   71.250	273	86
  274   86.000	274	77
  275   77.000	275	83.5
  276   83.500	276	75
  277   75.000	277	75.75
  278   75.750	278	77.25
  279   77.250	279	64.75
  280   64.750	280	72.5
  281   72.500	281	82.25
  282   82.250	282	99.75
  283   99.750	283	91.75
  284   91.750	284	76.75
  285   76.750	285	84.5
  286   84.500	286	84.75
  287   84.750	287	80.75
  288   80.750	288	81.5
  289   81.500	289	88.75
  290   88.750	290	86.75
  291   86.750	291	78.25
  292   78.250	292	82.5
  293   82.500	293	76.25
  294   76.250	294	82.25
  295   82.250	295	76.75
  296   76.750	296	61.5
  297   61.500	297	89
  298   89.000	298	77.25
  299   77.250	299	88.5
  300   88.500	300	87
  301   87.000	301	77.75
  302   77.750	302	79.25
  303   79.250	303	89
  304   89.000	304	94.25
  305   94.250	305	76.5
  306   76.500	306	90.5
  307   90.500	307	97
  308   97.000	308	88.25
  309   88.250	309	80
  310   80.000	310	70
  311   70.000	311	79.25
  312   79.250	312	86.5
  313   86.500	313	78
  314   78.000	314	80.5
  315   80.500	315	91.25
  316   91.250	316	82.5
  317   82.500	317	87.75
  318   87.750	318	86.75
  319   86.750	319	98
  320   98.000	320	80.5
  321   80.500	321	86.5
  322   86.500	322	87.5
  323   87.500	323	84.5
  324   84.500	324	85.25
  325   85.250	325	96.5
  326   96.500	326	94.5
  327   94.500	327	105.5
  328  105.500	328	108
  329  108.000	329	98.5
  330   98.500	330	90.5
  331   90.500	331	99.25
  332   99.250	332	93
  333   93.000	333	83
  334   83.000	334	83.75
  335   83.750	335	91
  336   91.000	336	101.5
  337  101.500	337	100
  338  100.000	338	87.25
  339   87.250	339	92.25
  340   92.250	340	102.75
  341  102.750	341	117
  342  117.000	342	116.5
  343  116.500	343	103.5
  344  103.500	344	95.5
  345   95.500	345	105.5
  346  105.500	346	114
  347  114.000	347	101.5
  348  101.500	348	85.75
  349   85.750	349	91.75
  350   91.750	350	110
  351  110.000	351	108.5
  352  108.500	352	101.25
  353  101.250	353	108.75
  354  108.750	354	102
  355  102.000	355	93.75
  356   93.750	356	100.25
  357  100.250	357	101.25
  358  101.250	358	101.5
  359  101.500	359	101.25
  360  101.250	360	134.25
  361  134.250	361	130
  362  130.000	362	106
  363  106.000	363	96.25
  364   96.250	364	98.25
  365   98.250	365	105.5
  366  105.500	366	116.25
  367  116.250	367	123.25
  368  123.250	368	127
  369  127.000	369	120
  370  120.000	370	111.25
  371  111.250	371	126.25
  372  126.250	372	144
  373  144.000	373	130.5
  374  130.500	374	126.25
  375  126.250	375	110.5
  376  110.500	376	123
  377  123.000	377	121.5
  378  121.500	378	110
  379  110.000	379	100.75
  380  100.750	380	115.75
  381  115.750	381	110
  382  110.000	382	113
  383  113.000	383	125.5
  384  125.500	384	134.5
  385  134.500	385	123.5
  386  123.500	386	118
  387  118.000	387	125.75
  388  125.750	388	127
  389  127.000	389	134.75
  390  134.750	390	130.75
  391  130.750	391	131.75
  392  131.750	392	128
  393  128.000	393	120.75
  394  120.750	394	123.5
  395  123.500	395	139
  396  139.000	396	116
  397  116.000	397	127.5
  398  127.500	398	133.5
  399  133.500	399	126
  400  126.000	400	118
  401  118.000	401	109.5
  402  109.500	402	105.75
  403  105.750	403	128.25
  404  128.250	404	125
  405  125.000	405	119.5
  406  119.500	406	95.25
  407   95.250	407	80.75
  408   80.750	408	91.25
  409   91.250	409	98.25
  410   98.250	410	99.5
  411   99.500	411	104
  412  104.000	412	105
  413  105.000	413	96.75
  414   96.750	414	120
  415  120.000	415	131.5
  416  131.500	416	106
  417  106.000	417	97
  418   97.000	418	104.25
  419  104.250	419	94.25
  420   94.250	420	85.75
  421   85.750	421	87.75
  422   87.750	422	84
  423   84.000	423	88.5
  424   88.500	424	95.25
  425   95.250	425	92.25
  426   92.250	426	95.5
  427   95.500	427	88.5
  428   88.500	428	97.25
  429   97.250	429	88
  430   88.000	430	91.5
  431   91.500	431	88
  432   88.000	432	83
  433   83.000	433	93
  434   93.000	434	93
  435   93.000	435	92.25
  436   92.250	436	93.5
  437   93.500	437	90.25
  438   90.250	438	89.5
  439   89.500	439	97
  440   97.000	440	95
  441   95.000	441	90.25
  442   90.250	442	87
  443   87.000	443	85
  444   85.000	444	99.75
  445   99.750	445	113.5
  446  113.500	446	105.5
  447  105.500	447	95.75
  448   95.750	448	99
  449   99.000	449	90.5
  450   90.500	450	86
  451   86.000	451	84.75
  452   84.750	452	84
  453   84.000	453	80.25
  454   80.250	454	83.25
  455   83.250	455	88.5
  456   88.500	456	96
  457   96.000	457	92.25
  458   92.250	458	84.5
  459   84.500	459	89.75
  460   89.750	460	91.25
  461   91.250	461	88.25
  462   88.250	462	74
  463   74.000	463	80.25
  464   80.250	464	80.25
  465   80.250	465	91.5
  466   91.500	466	83.5
  467   83.500	467	83.25
  468   83.250	468	84.5
  469   84.500	469	82.5
  470   82.500	470	80
  471   80.000	471	74.75
  472   74.750	472	95.25
  473   95.250	473	98
  474   98.000	474	97.75
  475   97.750	475	104
  476  104.000	476	102.5
  477  102.500	477	92.25
  478   92.250	478	88.5
  479   88.500	479	79.25
  480   79.250	480	86.25
  481   86.250	481	82.25
  482   82.250	482	89.75
  483   89.750	483	88
  484   88.000	484	80
  485   80.000	485	69.75
  486   69.750	486	85.5
  487   85.500	487	96.75
  488   96.750	488	85.5
  489   85.500	489	81.25
  490   81.250	490	77.5
  491   77.500	491	83.75
  492   83.750	492	78.25
  493   78.250	493	86.5
  494   86.500	494	87
  495   87.000	495	81
  496   81.000	496	93.5
  497   93.500	497	96.25
  498   96.250	498	67.5
  499   67.500	499	74.25
  500   74.250	500	92.25
  501   92.250	501	93.25
  502   93.250	502	84.75
  503   84.750	503	92.75
  504   92.750	504	92.75
  505   92.750	505	97
  506   97.000	506	78.25
  507   78.250	507	82.5
  508   82.500	508	85.75
  509   85.750	509	87.25
  510   87.250	510	82.75
  511   82.750	511	90.5
  512   90.500	512	91
  513   91.000	513	97
  514   97.000	514	88
  515   88.000	515	82.75
  516   82.750	516	96.5
  517   96.500	517	109.5
  518  109.500	518	90.75
  519   90.750	519	88.5
  520   88.500	520	99
  521   99.000	521	103.75
  522  103.750	522	88.5
  523   88.500	523	85
  524   85.000	524	107.5
  525  107.500	525	112.75
  526  112.750	526	114.25
  527  114.250	527	112.75
  528  112.750	528	103
  529  103.000	529	98.75
  530   98.750	530	95.75
  531   95.750	531	106.75
  532  106.750	532	89.25
  533   89.250	533	100
  534  100.000	534	94.75
  535   94.750	535	112.5
  536  112.500	536	101.5
  537  101.500	537	103.5
  538  103.500	538	97.25
  539   97.250	539	110
  540  110.000	540	99.25
  541   99.250	541	93.75
  542   93.750	542	129.75
  543  129.750	543	110.5
  544  110.500	544	101.5
  545  101.500	545	113.5
  546  113.500	546	114.5
  547  114.500	547	99.75
  548   99.750	548	90.5
  549   90.500	549	101
  550  101.000	550	90.5
  551   90.500	551	109.75
  552  109.750	552	109.5
  553  109.500	553	98.75
  554   98.750	554	100.25
  555  100.250	555	98.5
  556   98.500	556	119
  557  119.000	557	118.25
  558  118.250	558	112.5
  559  112.500	559	113.25
  560  113.250	560	115.25
  561  115.250	561	105
  562  105.000	562	109.75
  563  109.750	563	108
  564  108.000	564	120.75
  565  120.750	565	114.25
  566  114.250	566	121.75
  567  121.750	567	111.5
  568  111.500	568	108
  569  108.000	569	104
  570  104.000	570	103.5
  571  103.500	571	103
  572  103.000	572	117.5
  573  117.500	573	120
  574  120.000	574	120
  575  120.000	575	129
  576  129.000	576	111
  577  111.000	577	118.5
  578  118.500	578	123.25
  579  123.250	579	136.5
  580  136.500	580	125
  581  125.000	581	145
  582  145.000	582	128.25
  583  128.250	583	115
  584  115.000	584	125.5
  585  125.500	585	115.5
  586  115.500	586	116.5
  587  116.500	587	103.75
  588  103.750	588	116.75
  589  116.750	589	115.75
  590  115.750	590	125
  591  125.000	591	109.5
  592  109.500	592	137.5
  593  137.500	593	117.5
  594  117.500	594	105.75
  595  105.750	595	110.75
  596  110.750	596	112.25
  597  112.250	597	114
  598  114.000	598	113
  599  113.000	599	135
  600  135.000	600	114
  601  114.000	601	112
  602  112.000	602	113.25
  603  113.250	603	99
  604   99.000	604	102
  605  102.000	605	95.25
  606   95.250	606	90.25
  607   90.250	607	99.5
  608   99.500	608	94.75
  609   94.750	609	90.5
  610   90.500	610	96
  611   96.000	611	92.75
  612   92.750	612	98.25
  613   98.250	613	101.25
  614  101.250	614	103.75
  615  103.750	615	106
  616  106.000	616	91.75
  617   91.750	617	95.5
  618   95.500	618	104.5
  619  104.500	619	106.5
  620  106.500	620	95.25
  621   95.250	621	95
  622   95.000	622	88
  623   88.000	623	93.25
  624   93.250	624	88.25
  625   88.250	625	92.5
  626   92.500	626	70
  627   70.000	627	89.25
  628   89.250	628	83.25
  629   83.250	629	91
  630   91.000	630	85.25
  631   85.250	631	78
  632   78.000	632	82
  633   82.000	633	93.75
  634   93.750	634	94
  635   94.000	635	85.75
  636   85.750	636	87.75
  637   87.750	637	87.75
  638   87.750	638	86.5
  639   86.500	639	83
  640   83.000	640	91.75
  641   91.750	641	87.5
  642   87.500	642	82.5
  643   82.500	643	105
  644  105.000	644	95.25
  645   95.250	645	88.5
  646   88.500	646	92.75
  647   92.750	647	86.75
  648   86.750	648	99.5
  649   99.500	649	92.25
  650   92.250	650	88.75
  651   88.750	651	88.75
  652   88.750	652	95.75
  653   95.750	653	81.25
  654   81.250	654	88.5
  655   88.500	655	91
  656   91.000	656	94
  657   94.000	657	98.5
  658   98.500	658	94
  659   94.000	659	78.5
  660   78.500	660	74.75
  661   74.750	661	89.5
  662   89.500	662	94
  663   94.000	663	85
  664   85.000	664	79.5
  665   79.500	665	75.25
  666   75.250	666	72.5
  667   72.500	667	71
  668   71.000	668	82.5
  669   82.500	669	87.5
  670   87.500	670	64
  671   64.000	671	60
  672   60.000	672	79
  673   79.000	673	68.75
  674   68.750	674	79
  675   79.000	675	97
  676   97.000	676	106.25
  677  106.250	677	85.75
  678   85.750	678	92.75
  679   92.750	679	84.25
  680   84.250	680	64.5
  681   64.500	681	78
  682   78.000	682	81.25
  683   81.250	683	79.75
  684   79.750	684	75.25
  685   75.250	685	90.25
  686   90.250	686	97
  687   97.000	687	88
  688   88.000	688	85.75
  689   85.750	689	100.25
  690  100.250	690	95.25
  691   95.250	691	102.5
  692  102.500	692	100
  693  100.000	693	86.75
  694   86.750	694	82.5
  695   82.500	695	71
  696   71.000	696	78.75
  697   78.750	697	91.5
  698   91.500	698	89.75
  699   89.750	699	95.5
  700   95.500	700	82
  701   82.000	701	96.25
  702   96.250	702	95.5
  703   95.500	703	98
  704   98.000	704	96.75
  705   96.750	705	92
  706   92.000	706	88.5
  707   88.500	707	103.75
  708  103.750	708	96.25
  709   96.250	709	91.25
  710   91.250	710	91.25
  711   91.250	711	98.5
  712   98.500	712	103
  713  103.000	713	79.5
  714   79.500	714	85.5
  715   85.500	715	107.25
  716  107.250	716	81.75
  717   81.750	717	76.5
  718   76.500	718	103.5
  719  103.500	719	99
  720   99.000	720	114.25
  721  114.250	721	110.5
  722  110.500	722	114.75
  723  114.750	723	101.5
  724  101.500	724	93.25
  725   93.250	725	107.5
  726  107.500	726	105.5
  727  105.500	727	111.5
  728  111.500	728	100.25
  729  100.250	729	109.75
  730  109.750	730	90.75
  731   90.750	731	105.75
  732  105.750	732	112.5
  733  112.500	733	116.75
  734  116.750	734	127.5
  735  127.500	735	111.5
  736  111.500	736	94
  737   94.000	737	105.5
  738  105.500	738	99
  739   99.000	739	111.25
  740  111.250	740	106
  741  106.000	741	106
  742  106.000	742	95.75
  743   95.750	743	91.25
  744   91.250	744	92.25
  745   92.250	745	107.75
  746  107.750	746	105
  747  105.000	747	113.25
  748  113.250	748	116.25
  749  116.250	749	114.25
  750  114.250	750	112.25
  751  112.250	751	121.25
  752  121.250	752	117.25
  753  117.250	753	122
  754  122.000	754	105.75
  755  105.750	755	122.5
  756  122.500	756	120
  757  120.000	757	117.75
  758  117.750	758	105.25
  759  105.250	759	124.25
  760  124.250	760	132
  761  132.000	761	111.25
  762  111.250	762	108
  763  108.000	763	105.25
  764  105.250	764	119.5
  765  119.500	765	109.5
  766  109.500	766	108.25
  767  108.250	767	119
  768  119.000	768	104.75
  769  104.750	769	102.25
  770  102.250	770	121
  771  121.000	771	127.5
  772  127.500	772	117
  773  117.000	773	96.5
  774   96.500	774	87.25
  775   87.250	775	101.25
  776  101.250	776	107.5
  777  107.500	777	117.5
  778  117.500	778	119
  779  119.000	779	107.5
  780  107.500	780	114.75
  781  114.750	781	104
  782  104.000	782	100.25
  783  100.250	783	94.25
  784   94.250	784	82.25
  785   82.250	785	86.5
  786   86.500	786	92.25
  787   92.250	787	94.75
  788   94.750	788	89.25
  789   89.250	789	99.5
  790   99.500	790	101.25
  791  101.250	791	118.25
  792  118.250	792	103.75
  793  103.750	793	100
  794  100.000	794	95.75
  795   95.750	795	95.75
  796   95.750	796	96.5
  797   96.500	797	91.75
  798   91.750	798	107.5
  799  107.500	799	105.5
  800  105.500	800	102.75
  801  102.750	801	94.75
  802   94.750	802	79.75
  803   79.750	803	92.75
  804   92.750	804	88.5
  805   88.500	805	94.75
  806   94.750	806	85.25
  807   85.250	807	90.25
  808   90.250	808	75.75
  809   75.750	809	78.75
  810   78.750	810	81.75
  811   81.750	811	93
  812   93.000	812	89
  813   89.000	813	93.75
  814   93.750	814	123
  815  123.000	815	93.25
  816   93.250	816	83.25
  817   83.250	817	87.75
  818   87.750	818	102.25
  819  102.250	819	97
  820   97.000	820	95.25
  821   95.250	821	88.25
  822   88.250	822	81
  823   81.000	823	69.25
  824   69.250	824	89.25
  825   89.250	825	82
  826   82.000	826	97.75
  827   97.750	827	104.75
  828  104.750	828	104.25
  829  104.250	829	88.75
  830   88.750	830	94
  831   94.000	831	101.25
  832  101.250	832	100
  833  100.000	833	106
  834  106.000	834	102.25
  835  102.250	835	90.5
  836   90.500	836	99.25
  837   99.250	837	84.25
  838   84.250	838	81
  839   81.000	839	85
  840   85.000	840	82.5
  841   82.500	841	73
  842   73.000	842	77.5
  843   77.500	843	94.5
  844   94.500	844	94.75
  845   94.750	845	85.5
  846   85.500	846	83.75
  847   83.750	847	101
  848  101.000	848	93.5
  849   93.500	849	102.5
  850  102.500	850	79.25
  851   79.250	851	73.75
  852   73.750	852	74.75
  853   74.750	853	83.75
  854   83.750	854	94.5
  855   94.500	855	86
  856   86.000	856	92
  857   92.000	857	102.75
  858  102.750	858	89.75
  859   89.750	859	92
  860   92.000	860	80.75
  861   80.750	861	90.75
  862   90.750	862	83.75
  863   83.750	863	81.75
  864   81.750	864	69.5
  865   69.500	865	98.5
  866   98.500	866	93
  867   93.000	867	85.25
  868   85.250	868	80.5
  869   80.500	869	92.5
  870   92.500	870	92.75
  871   92.750	871	97.75
  872   97.750	872	98
  873   98.000	873	82.75
  874   82.750	874	95.25
  875   95.250	875	88
  876   88.000	876	89
  877   89.000	877	83.25
  878   83.250	878	75.25
  879   75.250	879	88
  880   88.000	880	83.25
  881   83.250	881	83.75
  882   83.750	882	95.75
  883   95.750	883	90
  884   90.000	884	91.25
  885   91.250	885	83.25
  886   83.250	886	93.5
  887   93.500	887	93.5
  888   93.500	888	85.5
  889   85.500	889	92.75
  890   92.750	890	89.75
  891   89.750	891	98
  892   98.000	892	89
  893   89.000	893	79.75
  894   79.750	894	86.25
  895   86.250	895	89
  896   89.000	896	87.75
  897   87.750	897	95
  898   95.000	898	100.75
  899  100.750	899	83.5
  900   83.500	900	95.75
  901   95.750	901	93.25
  902   93.250	902	85.75
  903   85.750	903	93.5
  904   93.500	904	99.75
  905   99.750	905	91
  906   91.000	906	106.75
  907  106.750	907	114.5
  908  114.500	908	100.75
  909  100.750	909	94.5
  910   94.500	910	102.75
  911  102.750	911	100
  912  100.000	912	95
  913   95.000	913	101
  914  101.000	914	104.25
  915  104.250	915	121.25
  916  121.250	916	117.75
  917  117.750	917	100.5
  918  100.500	918	120
  919  120.000	919	111.75
  920  111.750	920	104.75
  921  104.750	921	106.75
  922  106.750	922	98.25
  923   98.250	923	103
  924  103.000	924	101.75
  925  101.750	925	114.75
  926  114.750	926	120.5
  927  120.500	927	126.5
  928  126.500	928	108.25
  929  108.250	929	106.75
  930  106.750	930	111
  931  111.000	931	116.25
  932  116.250	932	123.5
  933  123.500	933	120
  934  120.000	934	108.25
  935  108.250	935	120
  936  120.000	936	121.5
  937  121.500	937	114.5
  938  114.500	938	111.5
  939  111.500	939	109.5
  940  109.500	940	117.75
  941  117.750	941	114
  942  114.000	942	127.25
  943  127.250	943	119.75
  944  119.750	944	112
  945  112.000	945	115.75
  946  115.750	946	119
  947  119.000	947	141
  948  141.000	948	116.75
  949  116.750	949	112.75
  950  112.750	950	112.75
  951  112.750	951	118
  952  118.000	952	124.25
  953  124.250	953	102.5
  954  102.500	954	102.25
  955  102.250	955	106
  956  106.000	956	119.75
  957  119.750	957	113.25
  958  113.250	958	100.75
  959  100.750	959	105.5
  960  105.500	960	95.5
  961   95.500	961	123.5
  962  123.500	962	117
  963  117.000	963	114.5
  964  114.500	964	114.75
  965  114.750	965	122.75
  966  122.750	966	118.5
  967  118.500	967	120.25
  968  120.250	968	102.5
  969  102.500	969	113
  970  113.000	970	113.25
  971  113.250	971	103.75
  972  103.750	972	105.5
  973  105.500	973	93
  974   93.000	974	104
  975  104.000	975	111.5
  976  111.500	976	123.75
  977  123.750	977	113
  978  113.000	978	88
  979   88.000	979	98.75
  980   98.750	980	109.5
  981  109.500	981	94
  982   94.000	982	91.5
  983   91.500	983	96.5
  984   96.500	984	100
  985  100.000	985	109.25
  986  109.250	986	95.25
  987   95.250	987	97.5
  988   97.500	988	106.5
  989  106.500	989	117.25
  990  117.250	990	104.75
  991  104.750	991	105.25
  992  105.250	992	96
  993   96.000	993	106
  994  106.000	994	104
  995  104.000	995	104.25
  996  104.250	996	80.25
  997   80.250	997	100.25
  998  100.250	998	109
  999  109.000	999	108
 1000  108.000	1000	102.25
 1001  102.250	1001	90.5
 1002   90.500	1002	89.5
 1003   89.500	1003	96.25
 1004   96.250	1004	107
 1005  107.000	1005	101.75
 1006  101.750	1006	91.25
 1007   91.250	1007	116.25
 1008  116.250	1008	113
 1009  113.000	1009	115.5
 1010  115.500	1010	89.25
 1011   89.250	1011	74.25
 1012   74.250	1012	75.5
 1013   75.500	1013	89.75
 1014   89.750	1014	100.25
 1015  100.250	1015	98.75
 1016   98.750	1016	97.5
 1017   97.500	1017	100.25
 1018  100.250	1018	97
 1019   97.000	1019	93
 1020   93.000	1020	81
 1021   81.000	1021	85
 1022   85.000	1022	97.25
 1023   97.250	1023	83.25
 1024   83.250	1024	96.75
 1025   96.750	1025	93
 1026   93.000	1026	87.75
 1027   87.750	1027	97
 1028   97.000	1028	91.25
 1029   91.250	1029	75.25
 1030   75.250	1030	89
 1031   89.000	1031	95.5
 1032   95.500	1032	106
 1033  106.000	1033	88.75
 1034   88.750	1034	100
 1035  100.000	1035	116
 1036  116.000	1036	107
 1037  107.000	1037	111.75
 1038  111.750	1038	118.25
 1039  118.250	1039	106
 1040  106.000	1040	91.75
 1041   91.750	1041	72
 1042   72.000	1042	80
 1043   80.000	1043	72
 1044   72.000	1044	91.25
 1045   91.250	1045	90.5
 1046   90.500	1046	92.25
 1047   92.250	1047	82
 1048   82.000	1048	96.5
 1049   96.500	1049	95
 1050   95.000	1050	79
 1051   79.000	1051	74.5
 1052   74.500	1052	100.25
 1053  100.250	1053	96.5
 1054   96.500	1054	82
 1055   82.000	1055	93.25
 1056   93.250	1056	104.75
 1057  104.750	1057	103.5
 1058  103.500	1058	93
 1059   93.000	1059	87.25
 1060   87.250	1060	80.5
 1061   80.500	1061	100
 1062  100.000	1062	89.5
 1063   89.500	1063	88.25
 1064   88.250	1064	80
 1065   80.000	1065	88.25
 1066   88.250	1066	80
 1067   80.000	1067	96.5
 1068   96.500	1068	89.25
 1069   89.250	1069	95
 1070   95.000	1070	120.75
 1071  120.750	1071	104.25
 1072  104.250	1072	85
 1073   85.000	1073	101.75
 1074  101.750	1074	96.25
 1075   96.250	1075	88
 1076   88.000	1076	95.25
 1077   95.250	1077	84.75
 1078   84.750	1078	91.5
 1079   91.500	1079	98.75
 1080   98.750	1080	94.25
 1081   94.250	1081	89.25
 1082   89.250	1082	90.5
 1083   90.500	1083	98
 1084   98.000	1084	104
 1085  104.000	1085	89.5
 1086   89.500	1086	104.5
 1087  104.500	1087	92.25
 1088   92.250	1088	92.5
 1089   92.500	1089	100.5
 1090  100.500	1090	91
 1091   91.000	1091	97.75
 1092   97.750	1092	97.5
 1093   97.500	1093	86
 1094   86.000	1094	92.5
 1095   92.500	1095	105
 1096  105.000	1096	88.25
 1097   88.250	1097	92.25
 1098   92.250	1098	89.25
 1099   89.250	1099	87.5
 1100   87.500	1100	80.25
 1101   80.250	1101	84.75
 1102   84.750	1102	90
 1103   90.000	1103	90.75
 1104   90.750	1104	98.5
 1105   98.500	1105	105.25
 1106  105.250	1106	82.75
 1107   82.750	1107	109.25
 1108  109.250	1108	108
 1109  108.000	1109	103.25
 1110  103.250	1110	114.75
 1111  114.750	1111	99
 1112   99.000	1112	114.75
 1113  114.750	1113	114.25
 1114  114.250	1114	97.75
 1115   97.750	1115	97.75
 1116   97.750	1116	109.25
 1117  109.250	1117	115.75
 1118  115.750	1118	106.75
 1119  106.750	1119	117.75
 1120  117.750	1120	115
 1121  115.000	1121	119.5
 1122  119.500	1122	112.75
 1123  112.750	1123	99.5
 1124   99.500	1124	92.75
 1125   92.750	1125	102.25
 1126  102.250	1126	91.75
 1127   91.750	1127	115.25
 1128  115.250	1128	94.75
 1129   94.750	1129	92
 1130   92.000	1130	107.25
 1131  107.250	1131	105.5
 1132  105.500	1132	91
 1133   91.000	1133	91.5
 1134   91.500	1134	102
 1135  102.000	1135	111.75
 1136  111.750	1136	117.25
 1137  117.250	1137	117.25
 1138  117.250	1138	109.75
 1139  109.750	1139	109
 1140  109.000	1140	99.75
 1141   99.750	1141	122.5
 1142  122.500	1142	102.5
 1143  102.500	1143	93.75
 1144   93.750	1144	98
 1145   98.000	1145	97.75
 1146   97.750	1146	117.25
 1147  117.250	1147	103
 1148  103.000	1148	107.75
 1149  107.750	1149	99.75
 1150   99.750	1150	118.25
 1151  118.250	1151	122.5
 1152  122.500	1152	105.75
 1153  105.750	1153	105.75
 1154  105.750	1154	97.75
 1155   97.750	1155	106.75
 1156  106.750	1156	110.75
 1157  110.750	1157	98.25
 1158   98.250	1158	110.75
 1159  110.750	1159	101
 1160  101.000	1160	113.25
 1161  113.250	1161	104.25
 1162  104.250	1162	112.5
 1163  112.500	1163	117.25
 1164  117.250	1164	109.5
 1165  109.500	1165	107.75
 1166  107.750	1166	100.5
 1167  100.500	1167	98.25
 1168   98.250	1168	102
 1169  102.000	1169	116.25
 1170  116.250	1170	108.25
 1171  108.250	1171	111.5
 1172  111.500	1172	105.5
 1173  105.500	1173	112.25
 1174  112.250	1174	97
 1175   97.000	1175	100.5
 1176  100.500	1176	102.25
 1177  102.250	1177	98.5
 1178   98.500	1178	109.25
 1179  109.250	1179	104
 1180  104.000	1180	97.25
 1181   97.250	1181	99.75
 1182   99.750	1182	100
 1183  100.000	1183	90
 1184   90.000	1184	103.75
 1185  103.750	1185	106.25
 1186  106.250	1186	106.75
 1187  106.750	1187	95
 1188   95.000	1188	97.5
 1189   97.500	1189	101.25
 1190  101.250	1190	110.75
 1191  110.750	1191	112.5
 1192  112.500	1192	99.5
 1193   99.500	1193	103.5
 1194  103.500	1194	107
 1195  107.000	1195	116.5
 1196  116.500	1196	106
 1197  106.000	1197	98.5
 1198   98.500	1198	93.25
 1199   93.250	1199	88
 1200   88.000	1200	87
