 Dist      DAC	Dist	DAC
    1  436.750	1	545.5
    2  126.500	2	257
    3   56.500	3	226.25
    4   57.250	4	198
    5   43.000	5	179.5
    6   34.250	6	173.25
    7   37.250	7	163.75
    8   34.250	8	165.75
    9   39.750	9	181.5
   10   34.750	10	159.25
   11   30.500	11	162.75
   12   31.500	12	148
   13   28.750	13	135.5
   14   20.500	14	127.25
   15   23.000	15	127.5
   16   17.500	16	136.75
   17   23.500	17	145.75
   18   26.750	18	123.5
   19   24.500	19	132.5
   20   26.250	20	125
   21   21.500	21	151
   22   35.750	22	125.5
   23   21.000	23	118.5
   24   23.750	24	131.75
   25   27.000	25	114.5
   26   20.000	26	120.75
   27   15.750	27	117.25
   28   17.750	28	132
   29   22.250	29	140.25
   30   31.250	30	153
   31   20.250	31	137.75
   32   22.750	32	118.5
   33   18.750	33	109
   34   20.250	34	116.25
   35   21.750	35	118
   36   19.500	36	117.25
   37   17.500	37	123.5
   38   21.250	38	120
   39   22.500	39	128.5
   40   25.500	40	106.25
   41   22.000	41	121.75
   42   24.750	42	127.25
   43   27.500	43	115.75
   44   25.000	44	94
   45   11.250	45	103.75
   46   16.000	46	107
   47   21.250	47	98.5
   48   18.000	48	109.25
   49   28.000	49	98.25
   50   17.000	50	108.25
   51   22.500	51	108.25
   52   23.750	52	96.25
   53   21.250	53	101
   54   25.000	54	105
   55   25.750	55	93
   56   19.750	56	99.25
   57   16.250	57	110.5
   58   23.750	58	122.25
   59   21.500	59	113.75
   60   20.250	60	102
   61   23.750	61	97.25
   62   17.750	62	89.25
   63   14.250	63	96.25
   64   17.500	64	98
   65   19.000	65	110.25
   66   18.750	66	105.75
   67   21.000	67	104.5
   68   24.250	68	106.5
   69   20.250	69	97
   70   21.000	70	95.75
   71   20.250	71	99
   72   20.500	72	105.75
   73   23.250	73	92
   74   18.750	74	83.5
   75   16.750	75	78.5
   76   19.250	76	94
   77   12.250	77	102.25
   78   16.750	78	81.75
   79   20.250	79	99.5
   80   25.750	80	95
   81   24.250	81	97.25
   82   25.250	82	103.75
   83   28.000	83	102.25
   84   21.750	84	86.75
   85   16.250	85	97.25
   86   17.500	86	85.25
   87   18.500	87	80.5
   88   18.250	88	91.25
   89   28.750	89	91.5
   90   17.750	90	83
   91   19.750	91	104
   92   25.500	92	101.5
   93   19.000	93	98.75
   94   25.750	94	85
   95   15.000	95	97.5
   96   19.500	96	94
   97   19.000	97	97
   98   20.000	98	92.75
   99   18.250	99	98.25
  100   25.750	100	99.25
  101   25.500	101	99.5
  102   23.500	102	91
  103   21.500	103	80
  104   19.500	104	82.75
  105   15.750	105	83
  106   13.250	106	103.75
  107   24.750	107	86.75
  108   25.500	108	97.75
  109   20.250	109	99
  110   13.750	110	81.25
  111   11.500	111	96.5
  112   11.750	112	88
  113   11.750	113	73
  114    9.250	114	89.25
  115   11.750	115	89.25
  116   23.250	116	90
  117   19.000	117	95.25
  118   13.250	118	100.25
  119   15.000	119	89.5
  120   16.500	120	87.25
  121   18.750	121	85.75
  122   18.500	122	93.75
  123   18.500	123	80.25
  124   12.000	124	78.25
  125   18.250	125	81.5
  126   15.000	126	87.25
  127   12.500	127	97.75
  128   13.750	128	85.5
  129   13.750	129	84
  130   14.000	130	83.25
  131   16.500	131	104.25
  132   22.000	132	101.25
  133   13.750	133	107.75
  134   11.750	134	87.5
  135   11.500	135	79
  136   16.000	136	98
  137   27.000	137	109.75
  138   21.000	138	91
  139   17.750	139	111.25
  140   26.000	140	102.5
  141   21.750	141	103.5
  142   26.750	142	116
  143   20.750	143	105.25
  144   19.000	144	101.5
  145   19.500	145	104.5
  146   21.500	146	104.5
  147   22.250	147	109.75
  148   22.750	148	108.75
  149   17.000	149	105.5
  150   20.000	150	97
  151   18.000	151	90
  152   15.000	152	90
  153   16.250	153	93.25
  154   22.500	154	105.25
  155   22.500	155	107.75
  156   19.000	156	112.75
  157   20.250	157	113.25
  158   20.750	158	115.5
  159   22.500	159	95.5
  160   16.250	160	114.75
  161   20.000	161	128.25
  162   22.500	162	117
  163   22.500	163	117.5
  164   20.500	164	124.25
  165   26.250	165	121.5
  166   26.000	166	114.5
  167   26.250	167	126.75
  168   33.750	168	120.25
  169   32.250	169	124.75
  170   28.000	170	114
  171   26.250	171	131.75
  172   21.750	172	126.5
  173   20.750	173	120.5
  174   16.750	174	115
  175   14.250	175	108.75
  176   15.750	176	110
  177   19.250	177	110
  178   21.500	178	128.25
  179   24.000	179	133.5
  180   34.500	180	124.25
  181   27.500	181	136.75
  182   27.250	182	111
  183   22.250	183	114.5
  184   22.000	184	135.25
  185   23.750	185	139
  186   36.000	186	150.5
  187   39.750	187	131.25
  188   32.000	188	118.75
  189   26.000	189	137.75
  190   30.500	190	145.5
  191   26.000	191	143.75
  192   36.250	192	136
  193   28.750	193	143
  194   29.500	194	135.75
  195   30.500	195	146
  196   33.750	196	129.25
  197   27.000	197	129.75
  198   28.500	198	134
  199   28.500	199	154
  200   26.750	200	135
  201   28.500	201	119.5
  202   23.750	202	138.25
  203   36.750	203	135.75
  204   41.000	204	146.25
  205   40.000	205	139.25
  206   32.000	206	134
  207   35.500	207	124.5
  208   30.750	208	129
  209   23.750	209	114.5
  210   25.000	210	112
  211   20.750	211	118.5
  212   21.750	212	105.25
  213   24.500	213	112.75
  214   19.750	214	118.75
  215   30.750	215	130
  216   41.000	216	107.25
  217   27.250	217	88.75
  218   20.250	218	102.25
  219   22.000	219	104
  220   26.750	220	110.5
  221   24.250	221	110.75
  222   23.250	222	117.5
  223   22.750	223	114.25
  224   25.000	224	108.25
  225   27.250	225	122.25
  226   22.500	226	110
  227   19.750	227	108.25
  228   19.500	228	93.5
  229   17.500	229	98.5
  230   13.250	230	109
  231   21.250	231	100.5
  232   18.000	232	106.25
  233   25.250	233	86.5
  234   21.500	234	100.25
  235   23.750	235	95.25
  236   22.000	236	99
  237   23.750	237	97.5
  238   22.750	238	101.75
  239   22.250	239	86.5
  240   29.000	240	81
  241   15.000	241	85.75
  242   13.750	242	89.5
  243   20.500	243	93.5
  244   19.500	244	81.75
  245   21.750	245	78.75
  246   20.250	246	86
  247   24.750	247	94.75
  248   24.750	248	94.5
  249   21.750	249	103
  250   29.000	250	93.25
  251   24.500	251	95
  252   25.500	252	90.75
  253   19.250	253	103
  254   26.500	254	101.75
  255   24.000	255	103.25
  256   23.000	256	88.25
  257   23.500	257	99.5
  258   28.750	258	89.5
  259   23.000	259	86.75
  260   19.750	260	88.5
  261   21.000	261	84
  262   22.000	262	93.5
  263   13.250	263	83.25
  264   13.500	264	85.75
  265   10.500	265	78.5
  266   14.000	266	87.25
  267   18.000	267	77.75
  268   15.500	268	75.5
  269   16.500	269	80.75
  270   20.750	270	75.75
  271   20.250	271	73.5
  272   20.500	272	71.25
  273   17.750	273	86
  274   22.000	274	77
  275   20.250	275	83.5
  276   15.000	276	75
  277   10.250	277	75.75
  278   12.500	278	77.25
  279   21.500	279	64.75
  280   14.250	280	72.5
  281   14.250	281	82.25
  282   15.250	282	99.75
  283   28.500	283	91.75
  284   19.750	284	76.75
  285   14.750	285	84.5
  286   20.750	286	84.75
  287   22.250	287	80.75
  288   13.500	288	81.5
  289   12.500	289	88.75
  290   13.750	290	86.75
  291   10.750	291	78.25
  292   12.250	292	82.5
  293   15.500	293	76.25
  294   13.000	294	82.25
  295   19.000	295	76.75
  296   16.500	296	61.5
  297   13.750	297	89
  298   14.750	298	77.25
  299    7.750	299	88.5
  300   12.750	300	87
  301   13.750	301	77.75
  302   11.750	302	79.25
  303   11.750	303	89
  304   21.750	304	94.25
  305   21.500	305	76.5
  306   17.250	306	90.5
  307   25.500	307	97
  308   27.250	308	88.25
  309   22.000	309	80
  310   21.250	310	70
  311   10.000	311	79.25
  312   14.500	312	86.5
  313   21.500	313	78
  314   14.750	314	80.5
  315   18.250	315	91.25
  316   17.000	316	82.5
  317   15.750	317	87.75
  318   14.500	318	86.75
  319   20.250	319	98
  320   18.750	320	80.5
  321   15.000	321	86.5
  322   20.000	322	87.5
  323   13.000	323	84.5
  324   14.500	324	85.25
  325   17.000	325	96.5
  326   21.500	326	94.5
  327   23.750	327	105.5
  328   24.250	328	108
  329   19.000	329	98.5
  330   16.250	330	90.5
  331   15.750	331	99.25
  332   15.250	332	93
  333   17.000	333	83
  334   13.000	334	83.75
  335   16.000	335	91
  336   22.250	336	101.5
  337   19.750	337	100
  338   23.250	338	87.25
  339   20.000	339	92.25
  340   23.500	340	102.75
  341   25.750	341	117
  342   24.750	342	116.5
  343   25.500	343	103.5
  344   21.250	344	95.5
  345   14.500	345	105.5
  346   18.000	346	114
  347   27.750	347	101.5
  348   23.000	348	85.75
  349   16.750	349	91.75
  350   11.250	350	110
  351   18.500	351	108.5
  352   18.500	352	101.25
  353   13.000	353	108.75
  354   14.000	354	102
  355   12.500	355	93.75
  356    9.500	356	100.25
  357   14.750	357	101.25
  358   17.250	358	101.5
  359   16.250	359	101.25
  360   12.750	360	134.25
  361   23.750	361	130
  362   22.750	362	106
  363   18.500	363	96.25
  364   24.500	364	98.25
  365   23.250	365	105.5
  366   18.250	366	116.25
  367   19.750	367	123.25
  368   20.000	368	127
  369   21.250	369	120
  370   19.250	370	111.25
  371   18.250	371	126.25
  372   22.250	372	144
  373   28.000	373	130.5
  374   25.000	374	126.25
  375   23.750	375	110.5
  376   22.750	376	123
  377   27.000	377	121.5
  378   28.250	378	110
  379   23.000	379	100.75
  380   20.000	380	115.75
  381   21.500	381	110
  382   25.500	382	113
  383   23.750	383	125.5
  384   29.250	384	134.5
  385   35.250	385	123.5
  386   30.750	386	118
  387   24.750	387	125.75
  388   26.750	388	127
  389   30.250	389	134.75
  390   26.000	390	130.75
  391   23.750	391	131.75
  392   17.500	392	128
  393   21.000	393	120.75
  394   20.750	394	123.5
  395   24.500	395	139
  396   20.500	396	116
  397   18.500	397	127.5
  398   19.000	398	133.5
  399   18.500	399	126
  400   16.250	400	118
  401   22.250	401	109.5
  402   20.250	402	105.75
  403   15.750	403	128.25
  404   18.750	404	125
  405   20.750	405	119.5
  406   22.750	406	95.25
  407   18.000	407	80.75
  408   19.750	408	91.25
  409   18.750	409	98.25
  410   19.750	410	99.5
  411   19.750	411	104
  412   18.750	412	105
  413   16.000	413	96.75
  414   20.250	414	120
  415   18.500	415	131.5
  416   25.250	416	106
  417   24.250	417	97
  418   21.750	418	104.25
  419   25.250	419	94.25
  420   16.000	420	85.75
  421   19.500	421	87.75
  422   19.500	422	84
  423   17.500	423	88.5
  424   22.750	424	95.25
  425   19.250	425	92.25
  426   20.750	426	95.5
  427   15.250	427	88.5
  428   15.750	428	97.25
  429   18.000	429	88
  430   17.000	430	91.5
  431   20.500	431	88
  432   13.250	432	83
  433   15.750	433	93
  434   17.500	434	93
  435   15.500	435	92.25
  436   16.000	436	93.5
  437   18.500	437	90.25
  438   17.250	438	89.5
  439   21.250	439	97
  440   21.000	440	95
  441   16.000	441	90.25
  442   14.500	442	87
  443   20.750	443	85
  444   24.000	444	99.75
  445   19.000	445	113.5
  446   19.750	446	105.5
  447   22.750	447	95.75
  448   23.250	448	99
  449   21.750	449	90.5
  450   24.250	450	86
  451   22.250	451	84.75
  452   17.500	452	84
  453   17.000	453	80.25
  454   22.750	454	83.25
  455   17.250	455	88.5
  456   15.000	456	96
  457   16.250	457	92.25
  458   16.250	458	84.5
  459   14.250	459	89.75
  460   21.500	460	91.25
  461   14.750	461	88.25
  462   16.750	462	74
  463   12.250	463	80.25
  464   15.000	464	80.25
  465   15.250	465	91.5
  466   17.250	466	83.5
  467   19.500	467	83.25
  468   17.750	468	84.5
  469   13.000	469	82.5
  470   13.750	470	80
  471   11.000	471	74.75
  472   15.000	472	95.25
  473   18.000	473	98
  474   21.000	474	97.75
  475   20.750	475	104
  476   21.750	476	102.5
  477   14.500	477	92.25
  478   15.750	478	88.5
  479   20.250	479	79.25
  480   14.000	480	86.25
  481   18.750	481	82.25
  482   17.250	482	89.75
  483   19.000	483	88
  484   13.000	484	80
  485   10.500	485	69.75
  486   10.250	486	85.5
  487   19.500	487	96.75
  488   14.500	488	85.5
  489   10.250	489	81.25
  490   17.500	490	77.5
  491   12.500	491	83.75
  492   16.500	492	78.25
  493   16.250	493	86.5
  494   15.000	494	87
  495   11.500	495	81
  496   11.750	496	93.5
  497   11.000	497	96.25
  498   18.250	498	67.5
  499    7.750	499	74.25
  500    9.250	500	92.25
  501   11.500	501	93.25
  502    7.000	502	84.75
  503   14.750	503	92.75
  504   16.500	504	92.75
  505   18.000	505	97
  506   19.500	506	78.25
  507   15.750	507	82.5
  508    9.500	508	85.75
  509   12.750	509	87.25
  510   15.500	510	82.75
  511   13.750	511	90.5
  512   18.750	512	91
  513   14.000	513	97
  514   17.250	514	88
  515   13.750	515	82.75
  516   11.750	516	96.5
  517   10.500	517	109.5
  518   18.250	518	90.75
  519   22.000	519	88.5
  520   17.250	520	99
  521   19.500	521	103.75
  522   20.000	522	88.5
  523   15.000	523	85
  524   15.750	524	107.5
  525   19.250	525	112.75
  526   21.500	526	114.25
  527   27.750	527	112.75
  528   27.250	528	103
  529   17.750	529	98.75
  530   22.750	530	95.75
  531   18.000	531	106.75
  532   14.750	532	89.25
  533   16.750	533	100
  534   18.750	534	94.75
  535   12.000	535	112.5
  536   10.750	536	101.5
  537   12.000	537	103.5
  538   16.750	538	97.25
  539   17.500	539	110
  540   19.250	540	99.25
  541   17.000	541	93.75
  542   16.000	542	129.75
  543   23.750	543	110.5
  544   20.250	544	101.5
  545   20.250	545	113.5
  546   24.750	546	114.5
  547   29.250	547	99.75
  548   18.000	548	90.5
  549   19.500	549	101
  550   18.000	550	90.5
  551   17.500	551	109.75
  552   15.250	552	109.5
  553   20.000	553	98.75
  554   19.750	554	100.25
  555   16.750	555	98.5
  556   16.000	556	119
  557   18.750	557	118.25
  558   15.500	558	112.5
  559   13.000	559	113.25
  560   15.500	560	115.25
  561   20.750	561	105
  562   14.250	562	109.75
  563   18.250	563	108
  564   21.250	564	120.75
  565   16.500	565	114.25
  566   20.500	566	121.75
  567   18.500	567	111.5
  568   22.500	568	108
  569   21.250	569	104
  570   15.500	570	103.5
  571   19.250	571	103
  572   12.000	572	117.5
  573   17.250	573	120
  574   17.750	574	120
  575   24.500	575	129
  576   31.750	576	111
  577   23.750	577	118.5
  578   18.500	578	123.25
  579   20.500	579	136.5
  580   26.750	580	125
  581   20.000	581	145
  582   31.000	582	128.25
  583   23.750	583	115
  584   20.750	584	125.5
  585   26.750	585	115.5
  586   20.750	586	116.5
  587   26.000	587	103.75
  588   23.250	588	116.75
  589   18.250	589	115.75
  590   20.750	590	125
  591   18.000	591	109.5
  592   19.000	592	137.5
  593   29.250	593	117.5
  594   23.750	594	105.75
  595   13.750	595	110.75
  596   19.250	596	112.25
  597   18.000	597	114
  598   20.750	598	113
  599   25.000	599	135
  600   25.500	600	114
  601   23.000	601	112
  602   18.250	602	113.25
  603   19.750	603	99
  604   16.250	604	102
  605   23.250	605	95.25
  606   19.000	606	90.25
  607   15.000	607	99.5
  608   18.000	608	94.75
  609   16.500	609	90.5
  610   20.250	610	96
  611   26.500	611	92.75
  612   22.750	612	98.25
  613   23.750	613	101.25
  614   28.500	614	103.75
  615   23.250	615	106
  616   31.250	616	91.75
  617   23.000	617	95.5
  618   15.500	618	104.5
  619   16.000	619	106.5
  620   19.000	620	95.25
  621   20.000	621	95
  622   16.750	622	88
  623   12.750	623	93.25
  624   21.000	624	88.25
  625   15.750	625	92.5
  626   12.250	626	70
  627   14.500	627	89.25
  628   17.250	628	83.25
  629   16.250	629	91
  630   15.750	630	85.25
  631   14.750	631	78
  632    8.500	632	82
  633   14.750	633	93.75
  634   20.250	634	94
  635   17.000	635	85.75
  636   13.750	636	87.75
  637   12.000	637	87.75
  638   15.000	638	86.5
  639   12.250	639	83
  640   10.250	640	91.75
  641   11.750	641	87.5
  642    8.250	642	82.5
  643   14.000	643	105
  644   22.500	644	95.25
  645   18.500	645	88.5
  646   14.750	646	92.75
  647   17.750	647	86.75
  648   22.000	648	99.5
  649   17.250	649	92.25
  650   15.000	650	88.75
  651   13.250	651	88.75
  652   13.500	652	95.75
  653   13.750	653	81.25
  654   10.500	654	88.5
  655   17.000	655	91
  656   16.250	656	94
  657   12.000	657	98.5
  658    9.500	658	94
  659   12.500	659	78.5
  660    8.250	660	74.75
  661    9.250	661	89.5
  662   10.500	662	94
  663    8.750	663	85
  664   10.000	664	79.5
  665   14.750	665	75.25
  666   10.500	666	72.5
  667   10.000	667	71
  668   12.750	668	82.5
  669   17.250	669	87.5
  670   11.750	670	64
  671    7.000	671	60
  672    5.000	672	79
  673   11.500	673	68.75
  674   12.500	674	79
  675   15.000	675	97
  676   15.500	676	106.25
  677   17.500	677	85.75
  678   11.500	678	92.75
  679    7.250	679	84.25
  680    8.750	680	64.5
  681   11.500	681	78
  682   16.500	682	81.25
  683   15.500	683	79.75
  684   13.000	684	75.25
  685   11.750	685	90.25
  686   12.250	686	97
  687   15.250	687	88
  688    9.500	688	85.75
  689   16.750	689	100.25
  690   16.250	690	95.25
  691   15.000	691	102.5
  692   19.000	692	100
  693   20.000	693	86.75
  694   16.250	694	82.5
  695    9.500	695	71
  696   11.250	696	78.75
  697   14.000	697	91.5
  698   17.250	698	89.75
  699   17.250	699	95.5
  700   22.250	700	82
  701   15.250	701	96.25
  702   13.500	702	95.5
  703   12.250	703	98
  704   16.500	704	96.75
  705   14.250	705	92
  706    8.500	706	88.5
  707   10.000	707	103.75
  708   11.250	708	96.25
  709   14.750	709	91.25
  710   10.750	710	91.25
  711   15.500	711	98.5
  712   20.000	712	103
  713   25.000	713	79.5
  714   16.250	714	85.5
  715   18.000	715	107.25
  716   17.500	716	81.75
  717   10.750	717	76.5
  718    6.750	718	103.5
  719   20.750	719	99
  720   18.250	720	114.25
  721   23.750	721	110.5
  722   17.000	722	114.75
  723   11.750	723	101.5
  724   11.500	724	93.25
  725   13.500	725	107.5
  726   17.000	726	105.5
  727   15.250	727	111.5
  728   14.000	728	100.25
  729   22.000	729	109.75
  730   26.750	730	90.75
  731   19.500	731	105.75
  732   15.250	732	112.5
  733   17.250	733	116.75
  734   14.750	734	127.5
  735   17.250	735	111.5
  736   21.750	736	94
  737   16.500	737	105.5
  738   17.000	738	99
  739   12.250	739	111.25
  740   20.750	740	106
  741   13.500	741	106
  742   15.250	742	95.75
  743   16.000	743	91.25
  744   16.250	744	92.25
  745    8.750	745	107.75
  746   12.000	746	105
  747   16.250	747	113.25
  748   19.750	748	116.25
  749   16.500	749	114.25
  750   22.250	750	112.25
  751   23.000	751	121.25
  752   24.500	752	117.25
  753   23.000	753	122
  754   21.500	754	105.75
  755   22.500	755	122.5
  756   19.500	756	120
  757   19.500	757	117.75
  758   16.000	758	105.25
  759   14.250	759	124.25
  760   22.250	760	132
  761   26.000	761	111.25
  762   18.750	762	108
  763   17.500	763	105.25
  764   16.250	764	119.5
  765   20.750	765	109.5
  766   20.000	766	108.25
  767   15.000	767	119
  768   13.500	768	104.75
  769   19.750	769	102.25
  770   10.250	770	121
  771   18.000	771	127.5
  772   22.250	772	117
  773   18.000	773	96.5
  774   14.500	774	87.25
  775   14.000	775	101.25
  776   18.250	776	107.5
  777   16.500	777	117.5
  778   17.000	778	119
  779   23.250	779	107.5
  780   30.000	780	114.75
  781   23.750	781	104
  782   21.750	782	100.25
  783   18.000	783	94.25
  784   19.000	784	82.25
  785   16.000	785	86.5
  786   15.000	786	92.25
  787   14.750	787	94.75
  788   19.000	788	89.25
  789   19.000	789	99.5
  790   23.500	790	101.25
  791   25.500	791	118.25
  792   25.750	792	103.75
  793   15.750	793	100
  794   14.250	794	95.75
  795   15.000	795	95.75
  796   15.500	796	96.5
  797   22.000	797	91.75
  798   16.500	798	107.5
  799   17.000	799	105.5
  800   23.750	800	102.75
  801   15.000	801	94.75
  802   16.750	802	79.75
  803   13.750	803	92.75
  804   16.500	804	88.5
  805   10.000	805	94.75
  806   20.750	806	85.25
  807   15.250	807	90.25
  808   15.750	808	75.75
  809   10.750	809	78.75
  810   11.500	810	81.75
  811   12.500	811	93
  812   22.500	812	89
  813   19.250	813	93.75
  814   18.250	814	123
  815   20.000	815	93.25
  816   13.500	816	83.25
  817   16.250	817	87.75
  818   17.250	818	102.25
  819   22.000	819	97
  820   21.250	820	95.25
  821   19.000	821	88.25
  822   13.500	822	81
  823    8.750	823	69.25
  824    6.500	824	89.25
  825    8.250	825	82
  826   10.750	826	97.75
  827   17.500	827	104.75
  828   22.500	828	104.25
  829   26.000	829	88.75
  830   20.250	830	94
  831   27.750	831	101.25
  832   22.250	832	100
  833   26.500	833	106
  834   19.500	834	102.25
  835   27.000	835	90.5
  836   17.750	836	99.25
  837   17.250	837	84.25
  838   14.250	838	81
  839   18.750	839	85
  840   15.750	840	82.5
  841    9.750	841	73
  842   10.000	842	77.5
  843    6.250	843	94.5
  844    7.500	844	94.75
  845   10.000	845	85.5
  846    6.750	846	83.75
  847    5.250	847	101
  848    7.750	848	93.5
  849   11.250	849	102.5
  850   23.750	850	79.25
  851   18.500	851	73.75
  852   11.750	852	74.75
  853   11.750	853	83.75
  854   12.500	854	94.5
  855   10.500	855	86
  856   11.250	856	92
  857    7.500	857	102.75
  858   15.500	858	89.75
  859   18.500	859	92
  860   15.000	860	80.75
  861   13.000	861	90.75
  862   10.750	862	83.75
  863    9.250	863	81.75
  864   10.750	864	69.5
  865   11.750	865	98.5
  866   12.750	866	93
  867   15.750	867	85.25
  868   18.250	868	80.5
  869   17.250	869	92.5
  870   16.250	870	92.75
  871   18.750	871	97.75
  872   13.000	872	98
  873    7.500	873	82.75
  874    5.000	874	95.25
  875    5.500	875	88
  876    7.750	876	89
  877   11.250	877	83.25
  878   11.750	878	75.25
  879   13.000	879	88
  880   12.250	880	83.25
  881   10.750	881	83.75
  882    9.750	882	95.75
  883   13.750	883	90
  884   16.000	884	91.25
  885   13.000	885	83.25
  886   12.000	886	93.5
  887   17.000	887	93.5
  888   11.000	888	85.5
  889    7.500	889	92.75
  890   11.000	890	89.75
  891    5.750	891	98
  892    9.250	892	89
  893    8.500	893	79.75
  894   11.000	894	86.25
  895   13.000	895	89
  896   12.250	896	87.75
  897    8.500	897	95
  898   12.500	898	100.75
  899   14.500	899	83.5
  900   10.000	900	95.75
  901   14.000	901	93.25
  902   15.500	902	85.75
  903   12.000	903	93.5
  904   13.750	904	99.75
  905   18.000	905	91
  906   14.000	906	106.75
  907   20.500	907	114.5
  908   25.250	908	100.75
  909   15.750	909	94.5
  910    8.250	910	102.75
  911   13.250	911	100
  912   16.250	912	95
  913    7.250	913	101
  914   10.750	914	104.25
  915   13.750	915	121.25
  916   19.500	916	117.75
  917   19.000	917	100.5
  918   14.500	918	120
  919   33.000	919	111.75
  920   17.000	920	104.75
  921   13.250	921	106.75
  922   18.250	922	98.25
  923   19.750	923	103
  924   14.750	924	101.75
  925   20.000	925	114.75
  926   19.500	926	120.5
  927   22.250	927	126.5
  928   31.250	928	108.25
  929   16.750	929	106.75
  930   22.000	930	111
  931   21.750	931	116.25
  932   18.000	932	123.5
  933   24.500	933	120
  934   18.750	934	108.25
  935   19.500	935	120
  936   18.750	936	121.5
  937   17.250	937	114.5
  938   16.750	938	111.5
  939   12.000	939	109.5
  940   11.250	940	117.75
  941   17.500	941	114
  942   15.250	942	127.25
  943   17.000	943	119.75
  944   13.750	944	112
  945   11.250	945	115.75
  946   18.000	946	119
  947   18.500	947	141
  948   19.000	948	116.75
  949   17.000	949	112.75
  950   10.750	950	112.75
  951   28.250	951	118
  952   24.500	952	124.25
  953   15.750	953	102.5
  954   16.750	954	102.25
  955   18.750	955	106
  956   22.250	956	119.75
  957   24.500	957	113.25
  958   21.000	958	100.75
  959   16.750	959	105.5
  960   17.250	960	95.5
  961    9.500	961	123.5
  962   16.000	962	117
  963   13.000	963	114.5
  964   21.250	964	114.75
  965   18.250	965	122.75
  966   18.000	966	118.5
  967   30.750	967	120.25
  968   28.000	968	102.5
  969   22.250	969	113
  970   23.000	970	113.25
  971   19.750	971	103.75
  972   17.250	972	105.5
  973   17.500	973	93
  974   18.500	974	104
  975   19.500	975	111.5
  976   29.000	976	123.75
  977   28.750	977	113
  978   26.250	978	88
  979   11.000	979	98.75
  980   19.000	980	109.5
  981   16.500	981	94
  982   12.000	982	91.5
  983   17.500	983	96.5
  984   21.250	984	100
  985   17.500	985	109.25
  986   20.000	986	95.25
  987   16.500	987	97.5
  988   14.250	988	106.5
  989   16.000	989	117.25
  990   17.250	990	104.75
  991   12.750	991	105.25
  992   11.750	992	96
  993   19.000	993	106
  994   20.250	994	104
  995   19.000	995	104.25
  996   21.250	996	80.25
  997   15.000	997	100.25
  998   17.000	998	109
  999   23.750	999	108
 1000   23.250	1000	102.25
 1001   17.500	1001	90.5
 1002   13.750	1002	89.5
 1003   13.250	1003	96.25
 1004    7.750	1004	107
 1005   10.750	1005	101.75
 1006   13.750	1006	91.25
 1007   18.500	1007	116.25
 1008   32.000	1008	113
 1009   20.750	1009	115.5
 1010   20.000	1010	89.25
 1011   15.500	1011	74.25
 1012    9.500	1012	75.5
 1013   10.000	1013	89.75
 1014   15.750	1014	100.25
 1015   16.750	1015	98.75
 1016   17.500	1016	97.5
 1017   18.500	1017	100.25
 1018   25.000	1018	97
 1019   19.500	1019	93
 1020   19.750	1020	81
 1021   15.750	1021	85
 1022   14.250	1022	97.25
 1023   14.000	1023	83.25
 1024   12.500	1024	96.75
 1025   13.500	1025	93
 1026   10.750	1026	87.75
 1027    9.250	1027	97
 1028   20.000	1028	91.25
 1029   17.500	1029	75.25
 1030    9.500	1030	89
 1031   14.000	1031	95.5
 1032   17.500	1032	106
 1033   17.500	1033	88.75
 1034   16.250	1034	100
 1035   20.250	1035	116
 1036   24.500	1036	107
 1037   25.750	1037	111.75
 1038   20.750	1038	118.25
 1039   29.250	1039	106
 1040   25.250	1040	91.75
 1041   19.250	1041	72
 1042   10.250	1042	80
 1043    9.250	1043	72
 1044    9.250	1044	91.25
 1045    8.250	1045	90.5
 1046   13.750	1046	92.25
 1047   15.000	1047	82
 1048   12.500	1048	96.5
 1049   18.750	1049	95
 1050   17.750	1050	79
 1051   12.750	1051	74.5
 1052   10.000	1052	100.25
 1053   14.750	1053	96.5
 1054   14.750	1054	82
 1055   12.500	1055	93.25
 1056   19.750	1056	104.75
 1057   25.250	1057	103.5
 1058   22.500	1058	93
 1059   13.750	1059	87.25
 1060    8.250	1060	80.5
 1061   14.000	1061	100
 1062   14.750	1062	89.5
 1063   17.000	1063	88.25
 1064   15.500	1064	80
 1065   14.500	1065	88.25
 1066   15.000	1066	80
 1067   14.750	1067	96.5
 1068   13.500	1068	89.25
 1069   12.750	1069	95
 1070   12.500	1070	120.75
 1071   10.250	1071	104.25
 1072   16.000	1072	85
 1073   14.250	1073	101.75
 1074   16.500	1074	96.25
 1075   14.500	1075	88
 1076   12.750	1076	95.25
 1077   15.000	1077	84.75
 1078    8.500	1078	91.5
 1079    5.500	1079	98.75
 1080   13.750	1080	94.25
 1081   12.000	1081	89.25
 1082    9.250	1082	90.5
 1083    7.750	1083	98
 1084    6.250	1084	104
 1085    6.000	1085	89.5
 1086    8.500	1086	104.5
 1087   21.500	1087	92.25
 1088    9.500	1088	92.5
 1089    6.000	1089	100.5
 1090   11.250	1090	91
 1091   13.750	1091	97.75
 1092   16.000	1092	97.5
 1093   16.750	1093	86
 1094   11.000	1094	92.5
 1095   10.250	1095	105
 1096   16.750	1096	88.25
 1097   11.250	1097	92.25
 1098   14.250	1098	89.25
 1099    8.250	1099	87.5
 1100   10.000	1100	80.25
 1101    8.250	1101	84.75
 1102    8.500	1102	90
 1103   10.750	1103	90.75
 1104   13.250	1104	98.5
 1105   13.250	1105	105.25
 1106   15.750	1106	82.75
 1107   14.500	1107	109.25
 1108   13.750	1108	108
 1109   16.500	1109	103.25
 1110   16.250	1110	114.75
 1111   20.500	1111	99
 1112   13.500	1112	114.75
 1113   17.250	1113	114.25
 1114   19.500	1114	97.75
 1115   14.500	1115	97.75
 1116   19.500	1116	109.25
 1117   17.250	1117	115.75
 1118   19.750	1118	106.75
 1119   22.250	1119	117.75
 1120   19.000	1120	115
 1121   21.750	1121	119.5
 1122   20.750	1122	112.75
 1123   22.500	1123	99.5
 1124   17.750	1124	92.75
 1125   14.500	1125	102.25
 1126   16.250	1126	91.75
 1127   17.500	1127	115.25
 1128   17.750	1128	94.75
 1129   11.250	1129	92
 1130   10.000	1130	107.25
 1131   13.750	1131	105.5
 1132   19.000	1132	91
 1133   12.250	1133	91.5
 1134   17.250	1134	102
 1135   22.250	1135	111.75
 1136   18.250	1136	117.25
 1137   22.250	1137	117.25
 1138   22.750	1138	109.75
 1139   23.000	1139	109
 1140   19.500	1140	99.75
 1141   18.500	1141	122.5
 1142   34.250	1142	102.5
 1143   27.000	1143	93.75
 1144   21.500	1144	98
 1145   25.250	1145	97.75
 1146   19.500	1146	117.25
 1147   15.500	1147	103
 1148   26.750	1148	107.75
 1149   26.250	1149	99.75
 1150   12.500	1150	118.25
 1151   10.500	1151	122.5
 1152   12.000	1152	105.75
 1153   14.500	1153	105.75
 1154   15.250	1154	97.75
 1155   17.250	1155	106.75
 1156   20.500	1156	110.75
 1157   18.500	1157	98.25
 1158   19.500	1158	110.75
 1159   21.000	1159	101
 1160   15.500	1160	113.25
 1161   15.250	1161	104.25
 1162   12.250	1162	112.5
 1163   18.750	1163	117.25
 1164   22.250	1164	109.5
 1165   18.500	1165	107.75
 1166   19.500	1166	100.5
 1167   13.750	1167	98.25
 1168   13.250	1168	102
 1169   14.500	1169	116.25
 1170   21.000	1170	108.25
 1171   14.000	1171	111.5
 1172   18.500	1172	105.5
 1173   15.250	1173	112.25
 1174   19.750	1174	97
 1175   19.250	1175	100.5
 1176   19.750	1176	102.25
 1177   16.750	1177	98.5
 1178   20.250	1178	109.25
 1179   10.750	1179	104
 1180   17.000	1180	97.25
 1181   20.750	1181	99.75
 1182   14.000	1182	100
 1183   11.500	1183	90
 1184   14.000	1184	103.75
 1185   15.500	1185	106.25
 1186   18.000	1186	106.75
 1187   16.000	1187	95
 1188   12.750	1188	97.5
 1189   14.500	1189	101.25
 1190   16.250	1190	110.75
 1191   18.000	1191	112.5
 1192   15.500	1192	99.5
 1193   20.000	1193	103.5
 1194   19.750	1194	107
 1195   18.250	1195	116.5
 1196   20.250	1196	106
 1197   22.000	1197	98.5
 1198   17.250	1198	93.25
 1199   14.750	1199	88
 1200   14.750	1200	87
 1201   19.500	
 1202   20.000	
 1203   23.500	
 1204   20.500	
 1205   17.250	
 1206   15.500	
 1207   13.250	
 1208   16.000	
 1209   21.250	
 1210   17.500	
 1211   18.250	
 1212   16.500	
 1213   12.750	
 1214   15.750	
 1215   17.250	
 1216   14.000	
 1217   11.750	
 1218   17.250	
 1219   16.750	
 1220   15.750	
 1221   13.250	
 1222   27.250	
 1223   28.500	
 1224   22.250	
 1225   11.000	
 1226   15.250	
 1227   20.000	
 1228   11.750	
 1229   12.750	
 1230   17.000	
 1231   18.000	
 1232    9.500	
 1233   10.500	
 1234   12.000	
 1235   13.500	
 1236   11.500	
 1237    9.750	
 1238   19.750	
 1239   18.000	
 1240   22.000	
 1241   18.750	
 1242   14.500	
 1243   20.750	
 1244   20.500	
 1245   13.000	
 1246   13.250	
 1247   12.000	
 1248    8.750	
 1249   15.250	
 1250   17.250	
 1251   16.250	
 1252   16.000	
 1253   13.250	
 1254   15.250	
 1255   12.000	
 1256   10.750	
 1257   13.500	
 1258   12.000	
 1259   14.000	
 1260   12.000	
 1261   12.500	
 1262   11.250	
 1263   15.750	
 1264   14.500	
 1265   14.750	
 1266   12.500	
 1267   14.250	
 1268   14.250	
 1269    7.750	
 1270   11.500	
 1271   17.750	
 1272    9.750	
 1273   13.000	
 1274   14.000	
 1275   12.750	
 1276   12.750	
 1277    9.750	
 1278    8.750	
 1279   11.250	
 1280    9.750	
 1281   14.500	
 1282   15.000	
 1283   13.750	
 1284   17.250	
 1285   16.250	
 1286    8.250	
 1287   10.250	
 1288   15.500	
 1289   25.500	
 1290   13.250	
 1291   11.250	
 1292   11.500	
 1293   11.750	
 1294   10.000	
 1295   14.250	
 1296   11.750	
 1297    9.750	
 1298   10.750	
 1299   14.500	
 1300    6.750	
 1301   11.000	
 1302   22.750	
 1303   19.750	
 1304   15.500	
 1305   18.750	
 1306   20.750	
 1307   19.250	
 1308   25.000	
 1309   18.750	
 1310   19.000	
 1311   19.750	
 1312   17.500	
 1313   11.500	
 1314   11.750	
 1315   17.750	
 1316   14.250	
 1317   23.500	
 1318   14.000	
 1319   15.500	
 1320   18.000	
 1321   12.500	
 1322   18.000	
 1323   18.000	
 1324   14.500	
 1325   17.250	
 1326   14.000	
 1327   12.000	
 1328   12.500	
 1329   15.250	
 1330   19.000	
 1331   25.000	
 1332   18.750	
 1333   14.000	
 1334   17.500	
 1335   18.250	
 1336   23.500	
 1337   24.750	
 1338   17.250	
 1339   20.000	
 1340   18.750	
 1341   16.500	
 1342   14.000	
 1343   13.500	
 1344   16.500	
 1345   17.250	
 1346   18.750	
 1347   19.000	
 1348   17.750	
 1349   12.750	
 1350   17.250	
 1351   12.500	
 1352    7.500	
 1353   11.500	
 1354   10.250	
 1355    9.750	
 1356   16.750	
 1357   16.750	
 1358   19.000	
 1359   13.250	
 1360   11.250	
 1361   23.500	
 1362   17.750	
 1363   12.750	
 1364   13.500	
 1365   18.250	
 1366   10.500	
 1367   13.250	
 1368   10.000	
 1369    8.750	
 1370   10.250	
 1371   13.000	
 1372   13.000	
 1373   14.500	
 1374   18.000	
 1375   15.000	
 1376   19.500	
 1377   19.500	
 1378   18.250	
 1379   20.750	
 1380   19.250	
 1381   18.500	
 1382   18.750	
 1383   14.250	
 1384   21.500	
 1385   14.250	
 1386   15.750	
 1387   16.750	
 1388   16.000	
 1389   20.000	
 1390   18.250	
 1391   18.250	
 1392   23.000	
 1393   16.500	
 1394   15.000	
 1395   27.750	
 1396   34.000	
 1397   22.750	
 1398   20.250	
 1399   19.500	
 1400   12.000	
 1401   14.000	
 1402   21.000	
 1403   24.250	
 1404   24.750	
 1405   21.250	
 1406   15.500	
 1407   15.500	
 1408   13.500	
 1409   15.750	
 1410   24.500	
 1411   17.250	
 1412   17.250	
 1413   19.750	
 1414   19.500	
 1415   12.750	
 1416   13.500	
 1417   12.750	
 1418   12.250	
 1419   13.500	
 1420   16.750	
 1421   12.500	
 1422   14.500	
 1423   17.250	
 1424   18.000	
 1425   14.000	
 1426   16.000	
 1427   11.250	
 1428   16.000	
 1429   24.750	
 1430   21.500	
 1431   18.000	
 1432   17.750	
 1433   22.750	
 1434   13.250	
 1435    9.500	
 1436    9.500	
 1437    8.250	
 1438   13.000	
 1439   11.000	
 1440    7.750	
 1441    8.250	
 1442   12.500	
 1443   21.500	
 1444   19.750	
 1445   12.250	
 1446   13.250	
 1447   11.750	
 1448   16.750	
 1449   15.000	
 1450   15.500	
 1451   14.000	
 1452   13.500	
 1453   11.750	
 1454   12.750	
 1455   14.000	
 1456   13.500	
 1457    9.750	
 1458   13.750	
 1459   10.250	
 1460   10.000	
 1461   12.750	
 1462   11.000	
 1463   11.500	
 1464   17.250	
 1465   14.750	
 1466   12.750	
 1467   12.000	
 1468   15.000	
 1469   13.000	
 1470   13.250	
 1471    9.250	
 1472   11.750	
 1473   17.000	
 1474   14.000	
 1475   13.500	
 1476   17.500	
 1477   10.750	
 1478   12.750	
 1479   23.250	
 1480   15.250	
 1481   16.250	
 1482   12.750	
 1483    9.750	
 1484   15.000	
 1485    9.500	
 1486   12.000	
 1487   17.750	
 1488   19.000	
 1489   23.000	
 1490   12.000	
 1491   11.500	
 1492   12.250	
 1493   16.000	
 1494   19.500	
 1495   16.750	
 1496   16.500	
 1497   18.750	
 1498   12.000	
 1499   11.250	
 1500   21.000	
 1501   16.500	
 1502   17.000	
 1503   22.250	
 1504   17.750	
 1505   18.000	
 1506   17.500	
 1507   14.750	
 1508   12.500	
 1509   14.000	
 1510   16.000	
 1511   15.500	
 1512   14.250	
 1513   12.000	
 1514   13.500	
 1515   11.500	
 1516   13.500	
 1517   18.000	
 1518   20.250	
 1519   17.000	
 1520   18.750	
 1521   22.750	
 1522   20.500	
 1523   19.000	
 1524   16.500	
 1525   17.250	
 1526   25.000	
 1527   19.750	
 1528   15.000	
 1529   21.250	
 1530   19.500	
 1531   19.750	
 1532   27.750	
 1533   16.000	
 1534   15.500	
 1535   20.750	
 1536   14.500	
 1537   14.500	
 1538   14.250	
 1539   13.250	
 1540   18.000	
 1541   20.750	
 1542   16.000	
 1543   11.250	
 1544   12.000	
 1545   11.000	
 1546    9.750	
 1547   10.500	
 1548   12.000	
 1549   12.250	
 1550   18.500	
 1551   12.000	
 1552   10.250	
 1553   12.000	
 1554   16.750	
 1555   11.500	
 1556   14.750	
 1557   11.500	
 1558   15.250	
 1559   19.250	
 1560   18.000	
 1561   16.000	
 1562   14.250	
 1563   12.250	
 1564   19.250	
 1565   13.250	
 1566   16.000	
 1567   12.750	
 1568   15.500	
 1569   14.000	
 1570   17.000	
 1571   20.000	
 1572   13.000	
 1573   15.000	
 1574   19.000	
 1575   16.750	
 1576   14.750	
 1577   20.000	
 1578   21.250	
 1579   17.250	
 1580   26.500	
 1581   26.750	
 1582   27.750	
 1583   27.250	
 1584   25.000	
 1585   23.750	
 1586   21.000	
 1587   19.000	
 1588   19.000	
 1589   20.750	
 1590   17.750	
 1591   20.500	
 1592   18.000	
 1593   18.750	
 1594   12.500	
 1595   16.500	
 1596   17.000	
 1597   13.000	
 1598   10.750	
 1599   10.500	
 1600   16.750	
 1601   21.000	
 1602   16.000	
 1603   10.750	
 1604   11.750	
 1605    7.000	
 1606   11.250	
 1607   14.750	
 1608   12.250	
 1609    9.250	
 1610   12.750	
 1611   20.750	
 1612   19.750	
 1613   14.000	
 1614   12.500	
 1615   16.000	
 1616   12.250	
 1617   12.000	
 1618   13.750	
 1619   18.000	
 1620   23.000	
 1621   15.500	
 1622    8.000	
 1623   19.000	
 1624   20.750	
 1625   12.250	
 1626   15.250	
 1627   13.250	
 1628   12.500	
 1629   14.500	
 1630    9.500	
 1631   17.000	
 1632   17.250	
 1633   15.250	
 1634   19.750	
 1635   15.000	
 1636   17.000	
 1637   16.250	
 1638   10.750	
 1639   12.000	
 1640    9.250	
 1641    8.750	
 1642   16.250	
 1643   14.250	
 1644   10.000	
 1645   10.500	
 1646   10.500	
 1647   11.000	
 1648   12.750	
 1649   12.750	
 1650   13.000	
 1651    8.000	
 1652    8.250	
 1653   15.000	
 1654   13.750	
 1655    7.750	
 1656    9.500	
 1657   11.250	
 1658   14.250	
 1659   13.750	
 1660   13.750	
 1661   16.250	
 1662   15.500	
 1663   13.250	
 1664   15.500	
 1665   15.500	
 1666   12.250	
 1667   13.500	
 1668   21.250	
 1669   13.750	
 1670   15.750	
 1671   19.000	
 1672   13.250	
 1673   10.500	
 1674   19.750	
 1675   18.500	
 1676   17.750	
 1677   16.750	
 1678   16.500	
 1679   14.000	
 1680   12.250	
 1681   11.250	
 1682   13.250	
 1683   17.500	
 1684   13.750	
 1685   10.750	
 1686   16.250	
 1687   11.000	
 1688   12.000	
 1689   13.500	
 1690   12.500	
 1691    9.000	
 1692   11.250	
 1693    9.750	
 1694    6.750	
 1695   12.750	
 1696   13.000	
 1697    9.000	
 1698   12.500	
 1699   10.750	
 1700   10.250	
 1701   10.500	
 1702   14.500	
 1703   11.500	
 1704    7.750	
 1705   10.500	
 1706   11.250	
 1707   12.000	
 1708   14.750	
 1709    8.750	
 1710   10.750	
 1711   13.000	
 1712   10.500	
 1713    9.750	
 1714   10.000	
 1715    8.750	
 1716   11.750	
 1717   14.000	
 1718   12.000	
 1719   18.750	
 1720   13.000	
 1721   12.250	
 1722   15.250	
 1723   12.250	
 1724   12.750	
 1725   12.750	
 1726   18.000	
 1727   17.000	
 1728   14.500	
 1729   12.250	
 1730   13.250	
 1731   10.750	
 1732   11.000	
 1733   15.000	
 1734   14.000	
 1735   17.500	
 1736   17.000	
 1737   14.000	
 1738   18.250	
 1739   12.750	
 1740   16.750	
 1741   16.250	
 1742   21.250	
 1743   11.000	
 1744   11.750	
 1745    7.500	
 1746    7.750	
 1747   10.000	
 1748   14.000	
 1749   12.000	
 1750   14.000	
 1751   15.500	
 1752   14.500	
 1753   18.500	
 1754   16.500	
 1755   16.000	
 1756   24.250	
 1757   22.250	
 1758   13.500	
 1759   10.250	
 1760   13.500	
 1761   15.500	
 1762   13.000	
 1763   11.250	
 1764    7.500	
 1765   12.750	
 1766   13.250	
 1767   19.000	
 1768   20.750	
 1769   17.250	
 1770   17.750	
 1771   18.250	
 1772   16.500	
 1773   15.750	
 1774   12.750	
 1775   14.000	
 1776   14.500	
 1777   15.250	
 1778   16.500	
 1779   22.500	
 1780   14.500	
 1781   19.750	
 1782   15.250	
 1783   12.000	
 1784   19.500	
 1785   22.250	
 1786   20.500	
 1787   13.250	
 1788    8.000	
 1789   13.500	
 1790   15.250	
 1791   11.000	
 1792    7.500	
 1793    8.500	
 1794    9.250	
 1795    7.750	
 1796    9.250	
 1797    8.250	
 1798    8.750	
 1799    7.250	
 1800    5.500	
 1801    7.250	
 1802    4.500	
 1803    2.250	
 1804    9.500	
 1805   12.500	
 1806   18.250	
 1807   12.250	
 1808   10.500	
 1809   11.500	
 1810   19.750	
 1811   16.250	
 1812   15.500	
 1813   10.500	
 1814   11.750	
 1815    7.250	
 1816    9.250	
 1817   10.000	
 1818   10.250	
 1819   11.250	
 1820    6.000	
 1821    6.750	
 1822   14.000	
 1823    9.000	
 1824   11.250	
 1825   12.750	
 1826   15.750	
 1827   17.250	
 1828   19.000	
 1829   11.750	
 1830   22.750	
 1831   14.500	
 1832    9.250	
 1833   12.750	
 1834   17.000	
 1835   20.250	
 1836   23.000	
 1837   14.500	
 1838    9.500	
 1839   13.250	
 1840    9.250	
 1841    8.000	
 1842   14.000	
 1843   13.750	
 1844    9.750	
 1845   10.000	
 1846   12.750	
 1847   16.000	
 1848   12.250	
 1849   13.500	
 1850   14.500	
 1851   12.000	
 1852    9.000	
 1853   13.000	
 1854    5.250	
 1855    9.250	
 1856   13.000	
 1857   14.250	
 1858   18.250	
 1859   18.250	
 1860   13.000	
 1861    8.750	
 1862   14.000	
 1863   16.000	
 1864   14.750	
 1865   10.000	
 1866   15.500	
 1867   18.250	
 1868   10.500	
 1869   20.500	
 1870   16.000	
 1871   12.000	
 1872   10.000	
 1873   15.250	
 1874   12.500	
 1875   17.500	
 1876   16.750	
 1877   22.750	
 1878   27.000	
 1879   10.750	
 1880    6.250	
 1881   15.500	
 1882    9.500	
 1883   11.500	
 1884   11.000	
 1885   11.750	
 1886   13.250	
 1887    9.250	
 1888   12.500	
 1889   15.000	
 1890   11.250	
 1891   13.750	
 1892   13.000	
 1893   13.500	
 1894   15.000	
 1895   12.250	
 1896   11.500	
 1897    9.000	
 1898   12.000	
 1899   15.500	
 1900    9.250	
 1901   16.000	
 1902   12.250	
 1903   11.500	
 1904   14.250	
 1905   10.000	
 1906   15.500	
 1907   14.250	
 1908   10.500	
 1909   14.500	
 1910   16.000	
 1911   11.750	
 1912   12.000	
 1913    6.000	
 1914    8.750	
 1915   17.000	
 1916   13.000	
 1917   13.250	
 1918   13.000	
 1919   15.000	
 1920   11.500	
 1921   21.750	
 1922   20.000	
 1923   20.250	
 1924   13.250	
 1925   16.000	
 1926   14.750	
 1927   11.000	
 1928   11.000	
 1929   13.000	
 1930   11.000	
 1931    8.000	
 1932   11.000	
 1933    9.500	
 1934    8.000	
 1935   14.500	
 1936   11.000	
 1937    6.250	
 1938    9.250	
 1939    7.750	
 1940    9.750	
 1941   10.500	
 1942   14.250	
 1943   10.500	
 1944   12.500	
 1945    9.750	
 1946    8.500	
 1947   16.500	
 1948   11.250	
 1949   16.500	
 1950   10.250	
 1951   10.500	
 1952   13.250	
 1953   14.500	
 1954   11.000	
 1955   15.250	
 1956   12.000	
 1957   14.500	
 1958   14.000	
 1959   17.750	
 1960   16.500	
 1961   13.750	
 1962   14.500	
 1963    8.500	
 1964   11.250	
 1965   15.000	
 1966   19.250	
 1967    9.500	
 1968   10.500	
 1969   14.000	
 1970   10.750	
 1971   17.250	
 1972   16.750	
 1973   16.000	
 1974   16.250	
 1975   23.750	
 1976   26.500	
 1977   21.250	
 1978   12.000	
 1979   16.250	
 1980   12.000	
 1981   12.250	
 1982   10.250	
 1983   15.250	
 1984   12.500	
 1985   10.750	
 1986   10.000	
 1987   11.250	
 1988   13.250	
 1989    5.750	
 1990    6.000	
 1991    7.000	
 1992    5.000	
 1993    8.500	
 1994    8.000	
 1995    8.750	
 1996    9.000	
 1997    7.250	
 1998    6.750	
 1999   13.000	
 2000   10.750	
 2001    7.750	
 2002   13.750	
 2003   16.500	
 2004   11.250	
 2005   13.750	
 2006   10.500	
 2007    7.750	
 2008   18.250	
 2009   17.250	
 2010    8.750	
 2011    7.000	
 2012    6.250	
 2013    9.000	
 2014   14.250	
 2015    5.250	
 2016    9.750	
 2017   15.750	
 2018    9.500	
 2019    7.250	
 2020    6.250	
 2021   12.500	
 2022   13.750	
 2023   12.250	
 2024    8.250	
 2025   11.250	
 2026   11.500	
 2027   17.500	
 2028   15.500	
 2029   11.750	
 2030   12.500	
 2031    5.750	
 2032    7.500	
 2033    9.250	
 2034   11.000	
 2035   12.750	
 2036   13.750	
 2037   12.500	
 2038   11.250	
 2039   11.000	
 2040    9.750	
 2041   11.250	
 2042   11.250	
 2043   12.500	
 2044    7.500	
 2045   11.250	
 2046   14.000	
 2047   13.250	
 2048   13.250	
 2049   14.500	
 2050   11.500	
 2051    8.500	
 2052    6.750	
 2053   12.000	
 2054    9.250	
 2055   11.000	
 2056   16.250	
 2057   11.250	
 2058    8.500	
 2059   13.000	
 2060   15.500	
 2061    8.750	
 2062   13.500	
 2063   14.500	
 2064   12.750	
 2065   12.000	
 2066   15.250	
 2067   17.500	
 2068   18.250	
 2069   15.000	
 2070   12.250	
 2071   13.500	
 2072   17.250	
 2073   16.750	
 2074   15.000	
 2075   14.250	
 2076   16.000	
 2077   18.750	
 2078   13.750	
 2079   21.500	
 2080   15.250	
 2081   15.500	
 2082   11.500	
 2083   17.250	
 2084   11.000	
 2085   11.250	
 2086    9.500	
 2087   13.500	
 2088   16.750	
 2089   11.500	
 2090   12.250	
 2091   12.000	
 2092   11.000	
 2093   13.000	
 2094   11.750	
 2095   14.500	
 2096   17.250	
 2097   11.250	
 2098    9.250	
 2099   12.000	
 2100   11.250	
 2101   16.750	
 2102   18.000	
 2103    9.750	
 2104   10.500	
 2105   13.500	
 2106   17.000	
 2107   19.750	
 2108   19.750	
 2109   13.500	
 2110   14.000	
 2111   11.250	
 2112   13.250	
 2113   18.000	
 2114   11.500	
 2115   15.250	
 2116   12.750	
 2117    8.750	
 2118    8.750	
 2119    9.000	
 2120    9.750	
 2121    8.750	
 2122   12.500	
 2123   10.250	
 2124   10.750	
 2125   12.000	
 2126   11.250	
 2127   12.750	
 2128   11.250	
 2129    9.000	
 2130   12.000	
 2131   11.500	
 2132    5.250	
 2133    8.750	
 2134    7.000	
 2135    8.500	
 2136   17.500	
 2137   14.000	
 2138   15.500	
 2139   13.000	
 2140    9.750	
 2141   14.000	
 2142   18.000	
 2143   10.250	
 2144   15.000	
 2145   16.000	
 2146   10.250	
 2147   19.500	
 2148   13.750	
 2149   15.500	
 2150   13.250	
 2151   12.500	
 2152   17.000	
 2153   13.250	
 2154   11.000	
 2155   18.000	
 2156   17.750	
 2157   20.750	
 2158   12.750	
 2159    9.500	
 2160    6.750	
 2161   10.750	
 2162    6.500	
 2163    9.750	
 2164   15.250	
 2165   12.000	
 2166    9.250	
 2167   13.250	
 2168   16.250	
 2169   12.250	
 2170   10.500	
 2171   12.250	
 2172   15.250	
 2173   16.000	
 2174    7.500	
 2175   10.250	
 2176   15.750	
 2177   12.500	
 2178   14.500	
 2179   14.000	
 2180   15.000	
 2181   13.750	
 2182    8.500	
 2183   10.500	
 2184    7.000	
 2185    9.500	
 2186    6.250	
 2187    6.500	
 2188    7.750	
 2189    8.000	
 2190    8.750	
 2191   10.000	
 2192   11.750	
 2193   14.500	
 2194   15.000	
 2195   11.500	
 2196    7.000	
 2197   12.500	
 2198    8.750	
 2199    9.500	
 2200    6.500	
 2201    8.250	
 2202   14.250	
 2203   14.250	
 2204    9.250	
 2205    9.000	
 2206    7.000	
 2207   11.000	
 2208    9.000	
 2209    6.250	
 2210    6.250	
 2211    6.750	
 2212    5.250	
 2213    3.000	
 2214    9.000	
 2215   11.500	
 2216   13.750	
 2217    9.000	
 2218    8.250	
 2219    5.500	
 2220    9.250	
 2221   10.500	
 2222    7.750	
 2223    7.000	
 2224    4.750	
 2225    7.000	
 2226    5.750	
 2227    7.500	
 2228   12.750	
 2229   14.500	
 2230   10.750	
 2231    8.250	
 2232    7.750	
 2233    9.500	
 2234   10.250	
 2235    9.250	
 2236    5.750	
 2237    7.500	
 2238    7.750	
 2239    8.750	
 2240    9.500	
 2241   11.750	
 2242    3.500	
 2243    5.500	
 2244   10.500	
 2245    6.250	
 2246    8.750	
 2247   13.000	
 2248    7.750	
 2249    6.250	
 2250   12.500	
 2251   11.250	
 2252    8.500	
 2253    9.000	
 2254   13.250	
 2255   10.000	
 2256    9.750	
 2257   12.250	
 2258   16.000	
 2259   14.500	
 2260   14.750	
 2261    9.500	
 2262   10.500	
 2263    8.750	
 2264    6.500	
 2265    7.750	
 2266   10.500	
 2267    8.500	
 2268   12.000	
 2269    8.500	
 2270   12.750	
 2271   11.750	
 2272   12.500	
 2273   11.500	
 2274    5.250	
 2275   10.000	
 2276   12.000	
 2277   12.250	
 2278   14.250	
 2279   24.500	
 2280   16.250	
 2281    8.000	
 2282   10.000	
 2283   20.000	
 2284   10.750	
 2285   11.000	
 2286   16.250	
 2287   20.500	
 2288   13.250	
 2289    8.500	
 2290   13.750	
 2291   15.750	
 2292   10.250	
 2293   12.750	
 2294   14.250	
 2295   10.750	
 2296   13.500	
 2297   11.750	
 2298   11.500	
 2299   15.750	
 2300   16.000	
 2301   10.000	
 2302   12.250	
 2303    7.750	
 2304    8.750	
 2305   11.750	
 2306   13.750	
 2307   12.000	
 2308   13.250	
 2309   12.000	
 2310    8.750	
 2311   12.000	
 2312   12.000	
 2313   14.000	
 2314   15.250	
 2315   10.250	
 2316   12.750	
 2317   15.500	
 2318    5.750	
 2319    5.500	
 2320   13.000	
 2321    9.750	
 2322   12.750	
 2323   12.250	
 2324   13.750	
 2325   15.750	
 2326   15.500	
 2327    8.250	
 2328    9.750	
 2329    9.250	
 2330   14.250	
 2331   10.000	
 2332    8.750	
 2333   13.500	
 2334   13.500	
 2335    9.000	
 2336    9.750	
 2337   17.500	
 2338   13.750	
 2339   11.500	
 2340    8.750	
 2341    7.750	
 2342   11.500	
 2343   13.250	
 2344   17.000	
 2345   15.000	
 2346   18.000	
 2347   22.250	
 2348   17.000	
 2349   18.750	
 2350   16.000	
 2351   16.750	
 2352   11.750	
 2353   11.750	
 2354   15.250	
 2355   12.750	
 2356   15.250	
 2357    8.750	
 2358   10.000	
 2359   13.750	
 2360   19.000	
 2361   10.000	
 2362    6.750	
 2363    9.250	
 2364   12.250	
 2365    8.500	
 2366    9.500	
 2367   10.250	
 2368   12.750	
 2369   11.750	
 2370   15.750	
 2371   18.750	
 2372   16.250	
 2373    9.000	
 2374   11.500	
 2375   11.750	
 2376   15.500	
 2377    9.750	
 2378   15.250	
 2379   16.750	
 2380   11.750	
 2381   11.750	
 2382    4.750	
 2383    8.750	
 2384   11.000	
 2385   14.500	
 2386    9.750	
 2387    9.750	
 2388   11.000	
 2389    6.500	
 2390    7.500	
 2391    9.250	
 2392    9.000	
 2393    9.000	
 2394    8.500	
 2395   12.750	
 2396   14.750	
 2397   12.750	
 2398   11.750	
 2399    9.500	
 2400   10.250	
 2401    9.500	
 2402   10.500	
 2403    8.750	
 2404   11.250	
 2405   10.750	
 2406   10.250	
 2407    7.000	
 2408   12.500	
 2409   14.750	
 2410    8.000	
 2411    7.000	
 2412    6.500	
 2413   10.000	
 2414   12.750	
 2415    8.750	
 2416    4.500	
 2417    5.250	
 2418    6.000	
 2419    5.000	
 2420    8.250	
 2421    7.500	
 2422    8.000	
 2423   10.000	
 2424    8.500	
 2425   11.000	
 2426   13.750	
 2427   13.000	
 2428    7.250	
 2429   13.000	
 2430   17.250	
 2431    9.000	
 2432    8.750	
 2433   12.000	
 2434    6.250	
 2435    7.250	
 2436    9.750	
 2437   10.750	
 2438    7.250	
 2439   10.500	
 2440   12.750	
 2441    7.750	
 2442   10.000	
 2443    9.500	
 2444   15.250	
 2445   17.500	
 2446   13.750	
 2447   13.750	
 2448   11.750	
 2449   11.500	
 2450   17.750	
 2451   20.750	
 2452   18.000	
 2453   20.750	
 2454   13.750	
 2455   13.750	
 2456    8.500	
 2457    6.500	
 2458   13.250	
 2459   15.500	
 2460   12.250	
 2461   14.500	
 2462   16.000	
 2463   11.500	
 2464   13.000	
 2465   11.250	
 2466    9.000	
 2467    6.000	
 2468    8.750	
 2469    6.500	
 2470    6.250	
 2471    7.250	
 2472   10.000	
 2473    8.500	
 2474    8.750	
 2475    8.750	
 2476    7.500	
 2477    5.250	
 2478    8.000	
 2479   11.500	
 2480    6.000	
 2481    3.500	
 2482   10.750	
 2483    8.750	
 2484   11.500	
 2485   17.000	
 2486   15.250	
 2487   11.000	
 2488   15.250	
 2489   10.500	
 2490   12.250	
 2491   14.500	
 2492   15.000	
 2493   13.750	
 2494   14.750	
 2495   12.000	
 2496   11.500	
 2497    8.000	
 2498    8.250	
 2499   11.500	
 2500   13.750	
 2501   17.500	
 2502   16.500	
 2503   15.500	
 2504   12.000	
 2505   11.000	
 2506   12.250	
 2507    9.500	
 2508   12.750	
 2509   11.000	
 2510   11.750	
 2511    9.000	
 2512   10.500	
 2513   13.500	
 2514   17.000	
 2515   19.250	
 2516    9.500	
 2517   15.250	
 2518   10.250	
 2519   12.000	
 2520   11.250	
 2521   11.000	
 2522    9.250	
 2523    7.000	
 2524   13.000	
 2525   16.250	
 2526   15.500	
 2527   15.750	
 2528   16.750	
 2529   13.750	
 2530   11.500	
 2531    9.000	
 2532   14.750	
 2533   15.750	
 2534    9.250	
 2535    6.500	
 2536   19.000	
 2537   10.000	
 2538   11.250	
 2539   12.750	
 2540   12.000	
 2541   16.000	
 2542    9.250	
 2543   11.000	
 2544   14.500	
 2545   13.000	
 2546   12.750	
 2547   14.750	
 2548   11.250	
 2549   13.750	
 2550   12.500	
 2551   18.750	
 2552   13.500	
 2553    9.000	
 2554   12.750	
 2555   12.750	
 2556    8.500	
 2557   12.000	
 2558   12.750	
 2559   12.750	
 2560    9.000	
 2561   12.250	
 2562   11.250	
 2563    9.500	
 2564    9.000	
 2565   17.250	
 2566   13.250	
 2567   13.250	
 2568   13.250	
 2569   13.000	
 2570   15.500	
 2571   10.250	
 2572   10.250	
 2573    8.250	
 2574    8.500	
 2575    8.000	
 2576    8.250	
 2577    7.250	
 2578    5.750	
 2579    6.750	
 2580    9.750	
 2581   12.750	
 2582   12.500	
 2583   15.500	
 2584   15.500	
 2585   10.500	
 2586   15.500	
 2587   19.750	
 2588   11.000	
 2589   15.250	
 2590   20.500	
 2591   18.000	
 2592   17.750	
 2593   11.000	
 2594   11.500	
 2595   14.000	
 2596   15.750	
 2597   15.250	
 2598   16.000	
 2599   10.250	
 2600   16.250	
 2601   19.000	
 2602   14.500	
 2603    9.750	
 2604    6.000	
 2605    7.500	
 2606   10.250	
 2607    9.250	
 2608   10.250	
 2609    8.500	
 2610    9.250	
 2611    8.000	
 2612    6.750	
 2613    7.250	
 2614    7.250	
 2615   12.000	
 2616    8.250	
 2617    8.750	
 2618    9.000	
 2619   14.500	
 2620   19.250	
 2621   12.500	
 2622    5.750	
 2623    6.500	
 2624    7.750	
 2625   13.250	
 2626   11.500	
 2627    8.500	
 2628    7.750	
 2629    9.500	
 2630   13.500	
 2631   11.250	
 2632   10.500	
 2633   12.500	
 2634    8.500	
 2635    8.750	
 2636    7.500	
 2637    8.500	
 2638    9.000	
 2639    6.500	
 2640   12.000	
 2641   20.250	
 2642   13.000	
 2643    7.750	
 2644   17.750	
 2645   10.250	
 2646   10.000	
 2647   12.000	
 2648   12.500	
 2649   17.000	
 2650   16.250	
 2651   18.500	
 2652   15.750	
 2653   16.250	
 2654   16.500	
 2655   17.750	
 2656   18.000	
 2657   12.500	
 2658   13.500	
 2659   13.500	
 2660    9.500	
 2661   11.000	
 2662   13.500	
 2663   14.500	
 2664   15.500	
 2665   16.500	
 2666   14.500	
 2667   15.250	
 2668   14.000	
 2669   12.500	
 2670    7.750	
 2671    6.250	
 2672   10.000	
 2673   11.750	
 2674   15.500	
 2675   12.000	
 2676    8.500	
 2677   14.250	
 2678    8.750	
 2679    6.500	
 2680    9.750	
 2681    9.000	
 2682   13.750	
 2683   19.250	
 2684   12.500	
 2685   11.500	
 2686   12.000	
 2687   14.250	
 2688   10.500	
 2689   10.000	
 2690   11.750	
 2691   14.000	
 2692   11.000	
 2693   14.000	
 2694   16.000	
 2695    9.000	
 2696    9.250	
 2697   11.750	
 2698   12.500	
 2699    7.500	
 2700    7.250	
 2701    9.000	
 2702   10.250	
 2703   12.250	
 2704    9.250	
 2705   11.750	
 2706   14.250	
 2707   12.750	
 2708   14.250	
 2709   18.000	
 2710   21.500	
 2711   18.750	
 2712   16.250	
 2713   10.250	
 2714   15.000	
 2715   10.000	
 2716   13.000	
 2717   13.250	
 2718   11.000	
 2719   10.750	
 2720   11.750	
 2721   12.500	
 2722   14.750	
 2723   12.000	
 2724    7.750	
 2725    6.000	
 2726    9.250	
 2727   11.250	
 2728   14.500	
 2729   16.500	
 2730    7.750	
 2731   13.000	
 2732   11.000	
 2733   10.000	
 2734   13.000	
 2735   11.000	
 2736   11.750	
 2737    8.250	
 2738    9.000	
 2739   11.000	
 2740   13.000	
 2741   11.250	
 2742    9.250	
 2743   11.250	
 2744    9.000	
 2745   10.500	
 2746   13.250	
 2747   12.500	
 2748   14.500	
 2749   11.750	
 2750   11.250	
 2751   11.500	
 2752   12.000	
 2753   12.000	
 2754   13.750	
 2755   11.750	
 2756   12.000	
 2757   14.500	
 2758    8.750	
 2759   14.250	
 2760   12.750	
 2761    7.750	
 2762    6.500	
 2763    8.750	
 2764    5.250	
 2765    9.250	
 2766    5.500	
 2767    9.500	
 2768   15.000	
 2769   12.000	
 2770    9.750	
 2771    6.750	
 2772    4.750	
 2773    9.500	
 2774   10.500	
 2775   13.000	
 2776   13.000	
 2777   18.250	
 2778    9.250	
 2779   10.500	
 2780   14.000	
 2781   17.000	
 2782   14.750	
 2783   15.000	
 2784   11.250	
 2785   12.250	
 2786   12.000	
 2787   16.500	
 2788   19.750	
 2789   18.000	
 2790   14.500	
 2791    9.750	
 2792    9.000	
 2793   12.250	
 2794   14.750	
 2795   15.750	
 2796   11.500	
 2797   15.750	
 2798   16.000	
 2799   16.000	
 2800   10.750	
 2801   10.250	
 2802   10.500	
 2803    8.500	
 2804   13.750	
 2805   15.250	
 2806   12.750	
 2807    9.750	
 2808    6.500	
 2809    8.750	
 2810    7.500	
 2811    7.250	
 2812    9.500	
 2813    6.250	
 2814    8.000	
 2815    8.250	
 2816    9.000	
 2817   10.500	
 2818    6.250	
 2819    6.000	
 2820    8.500	
 2821    8.500	
 2822    9.000	
 2823   15.000	
 2824   14.000	
 2825   13.000	
 2826   11.500	
 2827    8.250	
 2828   14.000	
 2829   13.250	
 2830   18.500	
 2831   16.250	
 2832   11.500	
 2833   17.750	
 2834   10.000	
 2835    9.500	
 2836    8.000	
 2837    8.250	
 2838    8.250	
 2839    9.000	
 2840   11.250	
 2841   12.250	
 2842    9.000	
 2843   14.750	
 2844   16.250	
 2845   12.000	
 2846   12.000	
 2847   12.250	
 2848    9.250	
 2849   11.250	
 2850   11.500	
 2851   14.000	
 2852   18.000	
 2853   10.500	
 2854    8.750	
 2855   10.250	
 2856   11.500	
 2857   10.750	
 2858   12.000	
 2859    7.750	
 2860    8.000	
 2861    8.500	
 2862   16.000	
 2863    7.750	
 2864    7.500	
 2865   11.000	
 2866   11.500	
 2867   12.000	
 2868   13.750	
 2869   13.500	
 2870   17.500	
 2871   12.500	
 2872   16.500	
 2873   15.500	
 2874   11.250	
 2875   14.250	
 2876   20.500	
 2877   12.500	
 2878    9.750	
 2879   11.000	
 2880   13.000	
 2881    6.250	
 2882   12.000	
 2883   18.750	
 2884   12.000	
 2885   16.500	
 2886   17.000	
 2887   12.750	
 2888    8.000	
 2889   10.250	
 2890   15.000	
 2891   14.000	
 2892   13.250	
 2893   12.250	
 2894   10.000	
 2895   14.000	
 2896   13.500	
 2897   16.750	
 2898   18.750	
 2899   11.750	
 2900   10.500	
 2901   21.750	
 2902   21.250	
 2903   18.500	
 2904   17.500	
 2905   20.250	
 2906   19.750	
 2907   12.750	
 2908   11.250	
 2909   14.250	
 2910   14.000	
 2911   13.500	
 2912   15.000	
 2913   15.250	
 2914   15.250	
 2915   19.000	
 2916   17.750	
 2917   12.250	
 2918    6.000	
 2919    4.250	
 2920    7.250	
 2921    8.750	
 2922   10.000	
 2923   13.000	
 2924   12.500	
 2925   15.750	
 2926   23.750	
 2927   11.250	
 2928   12.500	
 2929   10.250	
 2930   10.500	
 2931   12.250	
 2932    9.000	
 2933    9.500	
 2934    9.000	
 2935   10.500	
 2936   13.000	
 2937   11.500	
 2938    9.250	
 2939    8.250	
 2940    7.500	
 2941    7.250	
 2942    9.500	
 2943    9.000	
 2944   12.250	
 2945   11.750	
 2946   15.250	
 2947   12.250	
 2948    8.000	
 2949    8.000	
 2950    7.500	
 2951    7.250	
 2952    5.500	
 2953   11.500	
 2954   15.750	
 2955   10.000	
 2956   12.500	
 2957   10.000	
 2958    9.250	
 2959   16.000	
 2960    8.000	
 2961   10.000	
 2962   12.000	
 2963   17.000	
 2964   10.250	
 2965   13.750	
 2966   10.750	
 2967   17.500	
 2968   16.750	
 2969   17.250	
 2970   12.250	
 2971   11.000	
 2972   11.500	
 2973    6.500	
 2974   10.500	
 2975   11.750	
 2976    9.250	
 2977   10.250	
 2978   12.750	
 2979   10.000	
 2980   14.750	
 2981    9.250	
 2982   10.000	
 2983   22.500	
 2984   14.000	
 2985    6.750	
 2986    9.250	
 2987    7.750	
 2988   12.250	
 2989   12.000	
 2990   14.250	
 2991   15.250	
 2992   12.500	
 2993   12.000	
 2994   12.000	
 2995    9.750	
 2996   13.250	
 2997   21.000	
 2998   13.000	
 2999   11.000	
 3000    7.250	
